   9.9999998e-01   0.0000000e+00   2.5806388e-19   1.7337886e-91   1.7779101e-08
   9.9999986e-01   3.1928941e-69   1.0424090e-15   2.4116830e-19   1.3523418e-07
   9.9999909e-01   1.3979228e-66   7.9955741e-15   9.7416997e-16   9.1118433e-07
   9.9999396e-01   2.4503181e-66   5.3957872e-14   7.5116275e-15   6.0373877e-06
   9.9996010e-01   3.0316788e-66   3.5984532e-13   5.0709343e-14   3.9902915e-05
   9.9973637e-01   3.1680895e-66   2.5980680e-12   3.3617973e-13   2.6363066e-04
   9.9825834e-01   2.8696682e-66   3.7858107e-11   2.2367211e-12   1.7416558e-03
   9.8849399e-01   2.1196561e-66   2.0992486e-09   1.7160313e-11   1.1506004e-02
   9.2398811e-01   9.3839094e-67   1.6176893e-07   4.9916990e-10   7.6011731e-02
   4.9789310e-01  7.2884934e-152   9.7285129e-06   6.5763505e-08   5.0209710e-01
   4.6131764e-01   0.0000000e+00   8.4244481e-10   9.7817007e-06   5.3867257e-01
   4.4559271e-01  9.7700793e-171   8.4759763e-06   9.1277905e-06   5.5438969e-01
   3.8700908e-01   1.4685566e-73   7.8994729e-06   2.5099325e-06   6.1298051e-01
   6.5293701e-11   0.0000000e+00   3.1565961e-05   8.0726828e-07   9.9996763e-01
   5.7352573e-11   2.7328376e-65   6.7340849e-05   2.0661256e-06   9.9993059e-01
   4.9186837e-12  1.9105471e-151   5.9691267e-04   6.3257035e-06   9.9939676e-01
   4.1928787e-13  4.1879407e-152   8.6920606e-04   5.6517105e-05   9.9907428e-01
   3.3141986e-14  2.0086837e-160   9.9325626e-04   1.0150163e-04   9.9890524e-01
   5.5480247e-24   0.0000000e+00   1.1017547e-03   3.3398847e-05   9.9886485e-01
   4.8682019e-24   2.6813887e-64   1.2039630e-03   3.1381848e-05   9.9876466e-01
   3.8441320e-25  1.1587057e-175   3.0780492e-03   5.9548765e-05   9.9686240e-01
   2.0428130e-51  1.5482782e-120   4.1743906e-03   1.6849028e-04   9.9565712e-01
   5.8654183e-30  1.4657123e-150   4.1033131e-03   9.5630760e-04   9.9494038e-01
   1.4862144e-29   0.0000000e+00   1.7365916e-03   3.4407567e-03   9.9482265e-01
   3.7632587e-30  1.8983184e-150   1.0850522e-03   2.7318838e-03   9.9618306e-01
   5.4905644e-30  7.2161814e-150   5.3087975e-04   1.7481502e-03   9.9772097e-01
   7.6937158e-30   0.0000000e+00   1.1709070e-04   8.6569850e-04   9.9901721e-01
   2.1418071e-30  6.0130668e-152   4.0017320e-01   4.3523309e-04   5.9939156e-01
   9.1817257e-31  2.7295491e-152   6.5581878e-01   3.1817352e-04   3.4386305e-01
   3.8883894e-31  1.3867462e-151   8.1905986e-01   3.6121429e-04   1.8057893e-01
   2.3380827e-30  2.2140853e-204   9.2776069e-01   5.3024443e-04   7.1709067e-02
   1.0677731e-56  3.9783231e-121   9.4912149e-01   1.4066516e-04   5.0737846e-02
   4.7050769e-32  1.5524973e-177   9.6512072e-01   8.9045160e-05   3.4790238e-02
   1.8996164e-57  5.0902661e-121   9.7581953e-01   3.1716171e-05   2.4148755e-02
   4.6603840e-32  9.2546633e-152   9.8378804e-01   3.4653101e-05   1.6177306e-02
   3.4333577e-32  2.7308866e-177   9.8887591e-01   3.4044992e-05   1.1090049e-02
   6.5651959e-58  2.4800192e-121   9.9213099e-01   2.3394438e-05   7.8456167e-03
   7.3986067e-33  1.3992411e-177   9.9453863e-01   4.3338032e-05   5.4180270e-03
   2.8706813e-58  2.6542160e-121   9.9615470e-01   2.5958885e-05   3.8193363e-03
   3.8929792e-33  5.0608010e-152   9.9734362e-01   4.6903023e-05   2.6094770e-03
   5.1845052e-33  2.6933973e-177   9.9814295e-01   3.6524787e-05   1.8205230e-03
   1.0104303e-58  1.3394628e-146   9.9866506e-01   1.7935573e-05   1.3170085e-03
   6.5402157e-59  4.2188067e-121   9.9905911e-01   1.5474068e-05   9.2541721e-04
   1.5973286e-33  2.4673262e-177   9.9934612e-01   2.4668366e-05   6.2921366e-04
   3.5534606e-59  4.4083444e-121   9.9953339e-01   1.7163902e-05   4.4945001e-04
   8.3210494e-34  9.1175361e-152   9.9966592e-01   2.8604736e-05   3.0547776e-04
   6.7200543e-34  9.0557819e-152   9.9974571e-01   3.3161533e-05   2.2112753e-04
   4.6353622e-34  2.7601044e-177   9.9979551e-01   3.2778559e-05   1.7171069e-04
   1.0223707e-59  4.7852337e-121   9.9983325e-01   2.2328501e-05   1.4442505e-04
   2.7099157e-34  5.0475556e-152   9.9984830e-01   4.1548844e-05   1.1015472e-04
   1.2100493e-34  6.2478875e-162   9.9983839e-01   6.4260590e-05   9.7346787e-05
   2.1873125e-44   0.0000000e+00   9.9983468e-01   5.8618087e-05   1.0670683e-04
   1.4140593e-34  6.6745505e-152   9.9964540e-01   2.8748396e-04   6.7117468e-05
   1.5279906e-34  3.7019828e-151   9.9904824e-01   9.0691322e-04   4.4847897e-05
   6.7471419e-34  1.2594938e-188   9.9734515e-01   2.6283509e-03   2.6503566e-05
   1.5245758e-44   0.0000000e+00   9.9694853e-01   2.7227204e-03   3.2875416e-04
   2.5983224e-34  1.5988533e-152   9.9384922e-01   5.9159559e-03   2.3482270e-04
   1.7486039e-34  1.8748477e-162   9.8811292e-01   1.1713044e-02   1.7403618e-04
   1.6361996e-44   0.0000000e+00   9.7761367e-01   2.2256381e-02   1.2995354e-04
   1.7472405e-60  2.5479758e-121   8.9247691e-01   1.0747905e-01   4.4040407e-05
   2.4408219e-34  2.1665539e-171   4.6197048e-01   5.3802063e-01   8.8881767e-06
   3.6691134e-35   0.0000000e+00   3.2336091e-01   6.7662567e-01   1.3423986e-05
   6.3485020e-36  1.3925944e-152   2.6606816e-01   7.3390841e-01   2.3429023e-05
   7.6180361e-35  1.6054948e-165   1.0727044e-01   8.9272202e-01   7.5380959e-06
   1.4658029e-34  6.1526868e-171   4.5289206e-02   9.5470754e-01   3.2534458e-06
   1.6411321e-34  8.3796068e-171   2.5332837e-02   9.7465939e-01   7.7759100e-06
   1.5994815e-34  1.0834542e-164   1.8911517e-02   9.8104594e-01   4.2539939e-05
   8.0175170e-34  5.4224056e-171   1.6431986e-02   9.8349258e-01   7.5436242e-05
   1.1761304e-34  1.9058616e-151   1.5657761e-02   9.8385294e-01   4.8929835e-04
   3.5526878e-33  1.0470785e-164   1.4430582e-02   9.8514224e-01   4.2717748e-04
   2.3927804e-33   0.0000000e+00   1.4070308e-02   9.8531284e-01   6.1685156e-04
   1.3750657e-33  1.0736138e-150   1.4092505e-02   9.8413492e-01   1.7725704e-03
   1.2185704e-32  1.9518170e-190   1.4223911e-02   9.8439706e-01   1.3790322e-03
   6.7555475e-59  1.4517608e-120   1.4572564e-02   9.8358367e-01   1.8437619e-03
   4.9466206e-33   0.0000000e+00   1.4109049e-02   9.8497089e-01   9.2006597e-04
   1.1642753e-33  2.1908331e-152   1.3895402e-02   9.8526522e-01   8.3938268e-04
   4.7469802e-34  2.0830501e-152   1.2424041e-02   9.8710576e-01   4.7019566e-04
   1.8279329e-33  2.2973620e-166   9.0403908e-03   9.9073149e-01   2.2811471e-04
   1.8624998e-34  2.7811710e-152   7.7135463e-03   9.9214738e-01   1.3907535e-04
   1.2550923e-33  4.0703979e-172   5.0900984e-03   9.9486547e-01   4.4429333e-05
   6.4452465e-35  8.6157022e-153   4.2199971e-03   9.9570467e-01   7.5330768e-05
   2.0327995e-34  1.7679658e-166   2.6260145e-03   9.9732966e-01   4.4323775e-05
   4.7015932e-35  2.6790208e-152   2.0052687e-03   9.9795997e-01   3.4758864e-05
   7.3260733e-34  4.9552647e-165   8.2298890e-04   9.9916087e-01   1.6138286e-05
   1.4984236e-33  1.3600720e-170   3.4613268e-04   9.9963300e-01   2.0869694e-05
   7.3924230e-34   0.0000000e+00   1.8890378e-04   9.9964252e-01   1.6857838e-04
   3.7567769e-34  2.1518215e-186   1.2843483e-04   9.9883259e-01   1.0389801e-03
  1.0333373e-181   0.0000000e+00   3.2230328e-30   9.9823760e-01   1.7623982e-03
   5.5426980e-34  1.7944158e-152   1.1751944e-03   9.9819208e-01   6.3272243e-04
   4.5797625e-33  2.9659452e-179   1.2290688e-03   9.9864496e-01   1.2596872e-04
   4.5602357e-33  1.4519039e-171   1.1085749e-03   9.9881381e-01   7.7610708e-05
   1.7384713e-34  2.2465290e-153   1.0755476e-03   9.9862777e-01   2.9668133e-04
   4.6612968e-35  2.6405085e-154   1.1219512e-03   9.9868518e-01   1.9286922e-04
   1.1274725e-35  9.6453532e-154   9.7615190e-04   9.9897287e-01   5.0973223e-05
   6.7943452e-35  3.2296655e-173   3.7235310e-04   9.9962213e-01   5.5176477e-06
   7.9372651e-36  1.3444118e-167   1.3790236e-04   9.9985935e-01   2.7489290e-06
   2.7785099e-36  4.7089539e-182   4.3823537e-05   9.9995524e-01   9.3272928e-07
   3.6410245e-37   0.0000000e+00   1.7506033e-05   9.9998066e-01   1.8346069e-06
   2.4740244e-36  1.6858060e-172   7.4267298e-06   9.9999159e-01   9.8825947e-07
   3.1926786e-36  1.7885982e-172   3.4192690e-06   9.9999541e-01   1.1681207e-06
   2.9149246e-36  2.8494853e-166   2.2472360e-06   9.9999505e-01   2.7038366e-06
   2.1721371e-35  1.7260969e-171   3.2087311e-06   9.9999527e-01   1.5200287e-06
   3.7952572e-35  2.5925249e-171   2.5184961e-06   9.9999398e-01   3.5030526e-06
   4.4564567e-35  6.0522658e-166   3.0900124e-06   9.9997405e-01   2.2860595e-05
   4.6402276e-35  3.8100120e-152   1.0155076e-05   9.9991082e-01   7.9021435e-05
   8.1021009e-34   0.0000000e+00   8.9788685e-10   9.9986792e-01   1.3207565e-04
   2.0122194e-33  1.6688613e-166   6.6353202e-05   9.9986033e-01   7.3313613e-05
   2.1794274e-34   0.0000000e+00   2.5874617e-09   9.9989074e-01   1.0925243e-04
   2.4462588e-34  1.5947364e-172   1.0039740e-04   9.9988991e-01   9.6935500e-06
   1.2124127e-34  9.4052747e-181   4.2118726e-05   9.9995545e-01   2.4311445e-06
   3.4694631e-35  1.1801235e-166   2.1626166e-05   9.9997022e-01   8.1581098e-06
   1.2982577e-35   0.0000000e+00   1.8128371e-05   9.9996992e-01   1.1950486e-05
   9.0648119e-36   0.0000000e+00   2.0900636e-05   9.9995891e-01   2.0187978e-05
   2.8228663e-36  3.7581517e-153   3.3154808e-05   9.9994329e-01   2.3556602e-05
   4.0712189e-35  2.0024827e-180   3.2360057e-05   9.9996415e-01   3.4914921e-06
   4.3030890e-35  1.5067853e-171   1.8453857e-05   9.9997755e-01   3.9984860e-06
   3.8773559e-35  4.1891572e-172   1.5198813e-05   9.9997474e-01   1.0062938e-05
   7.6187121e-36  2.8342695e-152   2.0243317e-05   9.9994806e-01   3.1699147e-05
   2.7458430e-34  2.1563230e-179   3.5856065e-05   9.9995750e-01   6.6445189e-06
   4.2241684e-34  2.6222184e-170   2.7998192e-05   9.9996097e-01   1.1036435e-05
   6.3950017e-34  4.4208885e-170   3.0354251e-05   9.9992537e-01   4.4274093e-05
   7.8702761e-34  3.5741885e-164   4.8572448e-05   9.9963512e-01   3.1631115e-04
   2.7496288e-33  1.4022016e-164   1.8921778e-04   9.9887409e-01   9.3668812e-04
   1.3198760e-33  1.2959332e-151   5.9548613e-04   9.9684102e-01   2.5634970e-03
   1.4913974e-33  9.2305174e-152   1.7980707e-03   9.9626023e-01   1.9416957e-03
   5.3806403e-33   0.0000000e+00   2.7860779e-03   9.9616300e-01   1.0509231e-03
   1.1154725e-33  2.5497695e-152   3.2435471e-03   9.9560893e-01   1.1475243e-03
   4.4761483e-34  1.8333224e-153   3.6824369e-03   9.9573554e-01   5.8201985e-04
   7.6847964e-35  3.0422928e-153   3.2186600e-03   9.9662524e-01   1.5610249e-04
   4.6955542e-34  3.8096536e-172   1.4385472e-03   9.9853940e-01   2.2050710e-05
   1.9833390e-34  1.9206694e-181   7.7558520e-04   9.9921626e-01   8.1533027e-06
   5.2189094e-36  1.5712601e-153   5.9693909e-04   9.9937836e-01   2.4696831e-05
   3.0296599e-35   0.0000000e+00   2.7755630e-04   9.9971387e-01   8.5716381e-06
   6.3902821e-35  1.6142324e-165   1.3287645e-04   9.9985899e-01   8.1365551e-06
   1.9241117e-34  9.4106495e-171   7.7598383e-05   9.9991555e-01   6.8527552e-06
   2.6377391e-34  1.1065017e-170   6.0721361e-05   9.9991704e-01   2.2237486e-05
   2.0943948e-34  6.7067467e-166   6.4372261e-05   9.9979146e-01   1.4417123e-04
   5.1982699e-35  7.0874845e-155   1.3645756e-04   9.9949548e-01   3.6806042e-04
   1.5075126e-36  4.3248165e-154   3.6370213e-04   9.9942553e-01   2.1076579e-04
   1.9264165e-35  8.7013057e-106   4.9413440e-04   9.9950532e-01   5.4476383e-07
   2.0254104e-35   9.9538569e-01   4.1398120e-06   4.6099071e-03   2.6574592e-07
   1.8776037e-35   9.9997844e-01   2.6634375e-07   2.1262539e-05   3.0978684e-08
   1.5504054e-35   9.9999987e-01   2.9448152e-08   9.8173825e-08   3.5058342e-09
   1.2791777e-35   1.0000000e+00   3.3274911e-09   4.6509045e-10   3.9628111e-10
   1.0733741e-35   1.0000000e+00   3.7611346e-10   3.5364696e-12   4.4791368e-11
   9.1929350e-36   1.0000000e+00   4.2511903e-11   1.7359221e-13   5.0627259e-12
   8.0418892e-36   1.0000000e+00   4.8050813e-12   1.8578113e-14   5.7223507e-13
   7.1823259e-36   1.0000000e+00   5.4311376e-13   2.0950573e-15   6.4679183e-14
   6.5404727e-36   1.0000000e+00   6.1387629e-14   2.3678015e-16   7.3106262e-15
   6.0611932e-36   1.0000000e+00   6.9385850e-15   2.6762932e-17   8.2631308e-16
   5.7033101e-36   1.0000000e+00   7.8426163e-16   3.0249882e-18   9.3397378e-17
   5.4360752e-36   1.0000000e+00   8.8644342e-17   3.4191152e-19   1.0556616e-17
   5.2365282e-36   1.0000000e+00   1.0019385e-17   3.8645932e-20   1.1932042e-18
   5.0875244e-36   1.0000000e+00   1.1324815e-18   4.3681127e-21   1.3486673e-19
   4.9762617e-36   1.0000000e+00   1.2800330e-19   4.9372360e-22   1.5243858e-20
   4.8931808e-36   1.0000000e+00   1.4468091e-20   5.5805107e-23   1.7229987e-21
   4.8311434e-36   1.0000000e+00   1.6353145e-21   6.3075979e-24   1.9474890e-22
   4.7848194e-36   1.0000000e+00   1.8483803e-22   7.1294175e-25   2.2012281e-23
   4.7502288e-36   1.0000000e+00   2.0892066e-23   8.0583125e-26   2.4880271e-24
   4.7243997e-36   1.0000000e+00   2.3614103e-24   9.1082335e-27   2.8121933e-25
   4.7051128e-36   1.0000000e+00   2.6690795e-25   1.0294949e-27   3.1785951e-26
   4.6907111e-36   1.0000000e+00   3.0168350e-26   1.1636283e-28   3.5927357e-27
   4.6799572e-36   1.0000000e+00   3.4098997e-27   1.3152379e-29   4.0608348e-28
   4.6719272e-36   1.0000000e+00   3.8541771e-28   1.4866008e-30   4.5899227e-29
   4.6659311e-36   1.0000000e+00   4.3563395e-29   1.6802907e-31   5.1879458e-30
   4.6614537e-36   1.0000000e+00   4.9239289e-30   1.8992165e-32   5.8638856e-31
   4.6581104e-36   1.0000000e+00   5.5654697e-31   2.1466663e-33   6.6278941e-32
   4.6556139e-36   1.0000000e+00   6.2905975e-32   2.4263564e-34   7.4914478e-33
   4.6537498e-36   1.0000000e+00   7.1102045e-33   2.7424875e-35   8.4675305e-34
   4.6523578e-36   1.0000000e+00   8.0366128e-34   3.0998084e-36   9.5709076e-35
   4.6513184e-36   1.0000000e+00   9.0838312e-35   3.5036908e-37   1.0818943e-35
   4.6505423e-36   1.0000000e+00   1.0268298e-35   3.9602406e-38   1.2236294e-36
   4.6499628e-36   1.0000000e+00   1.1613108e-36   4.4766137e-39   1.3888408e-37
   4.6495300e-36   1.0000000e+00   1.3178075e-37   5.0627977e-40   1.6129845e-38
   4.6492069e-36   1.0000000e+00   1.5282517e-38   5.7442657e-41   2.1456534e-39
   4.6489656e-36   1.0000000e+00   2.0166924e-39   6.6557246e-42   4.8334445e-40
   4.6487854e-36   1.0000000e+00   4.4398606e-40   8.7403084e-43   2.3445716e-40
   4.6486509e-36   1.0000000e+00   2.1150351e-40   1.8969586e-43   1.6077778e-40
   4.6485504e-36   1.0000000e+00   1.4436547e-40   8.9320819e-44   1.1843879e-40
   4.6484754e-36   1.0000000e+00   1.0626577e-40   6.0782292e-44   8.8256837e-41
   4.6484194e-36   1.0000000e+00   7.9176414e-41   4.4718249e-44   6.5881638e-41
   4.6483775e-36   1.0000000e+00   5.9102243e-41   3.3316010e-44   4.9192156e-41
   4.6483463e-36   1.0000000e+00   4.4130032e-41   2.4868863e-44   3.6732019e-41
   4.6483230e-36   1.0000000e+00   3.2952093e-41   1.8568868e-44   2.7428142e-41
   4.6483056e-36   1.0000000e+00   2.4605635e-41   1.3865453e-44   2.0480869e-41
   4.6482926e-36   1.0000000e+00   1.8373274e-41   1.0353462e-44   1.5293273e-41
   4.6482829e-36   1.0000000e+00   1.3719511e-41   7.7310343e-45   1.1419644e-41
   4.6482756e-36   1.0000000e+00   1.0244498e-41   5.7728418e-45   8.5271751e-42
   4.6482702e-36   1.0000000e+00   7.6496708e-42   4.3106396e-45   6.3673983e-42
   4.6482662e-36   1.0000000e+00   5.7120870e-42   3.2187984e-45   4.7550636e-42
   4.6482631e-36   1.0000000e+00   4.2652734e-42   2.4035095e-45   3.5537099e-42
   4.6482609e-36   1.0000000e+00   3.1849230e-42   1.7947250e-45   2.6737774e-42
   4.6482591e-36   1.0000000e+00   2.3782144e-42   1.3401396e-45   2.1298931e-42
   4.6482570e-36   1.0000000e+00   1.7758369e-42   1.0006970e-45   2.4714127e-42
   4.6482504e-36   1.0000000e+00   1.3260355e-42   7.4723804e-46   7.6656281e-42
   4.6482130e-36   1.0000000e+00   9.9016543e-43   5.5801931e-46   4.4174308e-41
   4.6479694e-36   1.0000000e+00   7.3945682e-43   4.1700580e-46   2.8700126e-40
   4.6463635e-36   1.0000000e+00   5.6099888e-43   3.1402580e-46   1.8923684e-39
   4.6357614e-36   1.0000000e+00   1.3012068e-42   3.3021833e-46   1.2493162e-38
   4.5662116e-36   1.0000000e+00   8.8665360e-41   1.3568507e-44   8.1955144e-38
