   7.0000000e+00
   9.0000000e+00
   1.6000000e+01
   1.9000000e+01
   2.4000000e+01
   2.5000000e+01
   2.7000000e+01
   2.9000000e+01
   3.6000000e+01
   4.2000000e+01
   5.0000000e+01
   5.4000000e+01
   5.7000000e+01
   5.8000000e+01
   6.4000000e+01
   6.7000000e+01
   6.9000000e+01
   7.1000000e+01
   7.4000000e+01
   7.5000000e+01
   8.0000000e+01
   8.4000000e+01
   8.6000000e+01
   8.8000000e+01
   9.4000000e+01
   1.0000000e+02
   1.0200000e+02
   1.0800000e+02
   1.0900000e+02
   1.1500000e+02
   1.1700000e+02
   1.2700000e+02
   1.3100000e+02
