   9.0000000e+00
   2.6000000e+01
   2.7000000e+01
   2.9000000e+01
   3.1000000e+01
   3.2000000e+01
   3.4000000e+01
   3.7000000e+01
   3.8000000e+01
   3.9000000e+01
   4.1000000e+01
   4.4000000e+01
   4.7000000e+01
   5.0000000e+01
   5.2000000e+01
   5.3000000e+01
   5.4000000e+01
   5.5000000e+01
   5.9000000e+01
   6.1000000e+01
   6.2000000e+01
   6.3000000e+01
   6.5000000e+01
   6.8000000e+01
   6.9000000e+01
   7.0000000e+01
   7.6000000e+01
   7.7000000e+01
   7.8000000e+01
   8.0000000e+01
   8.1000000e+01
   8.4000000e+01
   8.6000000e+01
   8.8000000e+01
   8.9000000e+01
   9.0000000e+01
   9.2000000e+01
   9.3000000e+01
   9.4000000e+01
   9.6000000e+01
   9.7000000e+01
   1.1100000e+02
   1.1200000e+02
   1.1400000e+02
   1.1500000e+02
   1.2000000e+02
   1.2700000e+02
   1.3200000e+02
