   7.0000000e+00
   1.6000000e+01
   3.0000000e+01
   3.1000000e+01
   3.4000000e+01
   3.7000000e+01
   4.3000000e+01
   4.6000000e+01
   4.8000000e+01
   5.6000000e+01
   5.8000000e+01
   6.1000000e+01
   6.3000000e+01
   6.5000000e+01
   6.6000000e+01
   6.7000000e+01
   6.9000000e+01
   7.0000000e+01
   7.3000000e+01
   7.6000000e+01
   7.8000000e+01
   8.0000000e+01
   8.1000000e+01
   8.2000000e+01
   8.3000000e+01
   8.4000000e+01
   8.6000000e+01
   8.7000000e+01
   8.9000000e+01
   9.0000000e+01
   9.2000000e+01
   9.4000000e+01
   9.6000000e+01
   1.1300000e+02
   1.1600000e+02
   1.2000000e+02
   1.2400000e+02
   1.3000000e+02
   1.3600000e+02
   1.3900000e+02
