   7.0000000e+00
   1.0000000e+01
   1.3000000e+01
   1.4000000e+01
   1.6000000e+01
   1.9000000e+01
   2.2000000e+01
   2.5000000e+01
   2.7000000e+01
   2.9000000e+01
   3.0000000e+01
   3.1000000e+01
   3.2000000e+01
   3.4000000e+01
   3.6000000e+01
   3.9000000e+01
   4.0000000e+01
   4.2000000e+01
   4.3000000e+01
   4.4000000e+01
   4.5000000e+01
   4.7000000e+01
   4.8000000e+01
   5.0000000e+01
   5.2000000e+01
   5.4000000e+01
   5.6000000e+01
   5.7000000e+01
   6.0000000e+01
   6.1000000e+01
   7.1000000e+01
   7.9000000e+01
   1.0100000e+02
   1.0500000e+02
   1.0700000e+02
   1.0900000e+02
   1.1000000e+02
   1.1100000e+02
   1.1200000e+02
   1.1300000e+02
   1.1400000e+02
   1.1500000e+02
   1.1600000e+02
   1.1700000e+02
   1.1900000e+02
   1.2000000e+02
   1.2200000e+02
   1.2300000e+02
   1.2400000e+02
   1.2500000e+02
   1.2600000e+02
   1.2700000e+02
   1.2800000e+02
   1.2900000e+02
   1.3100000e+02
   1.3200000e+02
   1.3300000e+02
   1.3400000e+02
   1.3500000e+02
   1.3700000e+02
   1.3900000e+02
