   3.4000000e+01
   3.6000000e+01
   4.6000000e+01
   5.1000000e+01
   5.5000000e+01
   5.7000000e+01
   5.8000000e+01
   6.1000000e+01
   6.4000000e+01
   6.6000000e+01
   6.7000000e+01
   6.8000000e+01
   6.9000000e+01
   7.0000000e+01
   7.1000000e+01
   7.2000000e+01
   7.5000000e+01
   7.6000000e+01
   7.7000000e+01
   7.8000000e+01
   8.0000000e+01
   8.2000000e+01
   8.4000000e+01
   8.5000000e+01
   8.6000000e+01
   8.7000000e+01
   8.9000000e+01
   9.0000000e+01
   9.5000000e+01
   9.7000000e+01
   9.9000000e+01
   1.0500000e+02
   1.1000000e+02
   1.1500000e+02
   1.1600000e+02
   1.1800000e+02
   1.2000000e+02
   1.2100000e+02
   1.2200000e+02
   1.2400000e+02
   1.2600000e+02
   1.2700000e+02
   1.2900000e+02
   1.3000000e+02
   1.3100000e+02
   1.3200000e+02
   1.3300000e+02
   1.3500000e+02
   1.3600000e+02
   1.3700000e+02
   1.3800000e+02
   1.4000000e+02
