   8.0000000e+00
   2.0000000e+01
   2.3000000e+01
   2.7000000e+01
   2.8000000e+01
   3.0000000e+01
   3.1000000e+01
   3.2000000e+01
   3.5000000e+01
   3.6000000e+01
   3.7000000e+01
   3.8000000e+01
   4.0000000e+01
   4.3000000e+01
   4.9000000e+01
   5.0000000e+01
   5.1000000e+01
   5.3000000e+01
   5.4000000e+01
   5.9000000e+01
   6.4000000e+01
   8.0000000e+01
   8.1000000e+01
   8.9000000e+01
   9.2000000e+01
   9.4000000e+01
   9.5000000e+01
   9.7000000e+01
   9.8000000e+01
   1.0100000e+02
   1.0300000e+02
   1.0700000e+02
   1.0800000e+02
   1.1100000e+02
   1.1200000e+02
   1.1600000e+02
   1.1700000e+02
   1.1900000e+02
   1.2000000e+02
   1.2100000e+02
   1.2200000e+02
   1.2400000e+02
   1.2500000e+02
   1.2600000e+02
   1.2900000e+02
   1.3200000e+02
   1.3500000e+02
