   9.9999845e-01   0.0000000e+00   2.2428799e-17   1.5068653e-89   1.5452121e-06
   9.9998825e-01   1.2675523e-69   9.0599152e-14   2.0960350e-17   1.1753434e-05
   9.9992081e-01   5.1696280e-67   6.9509370e-13   8.4666806e-14   7.9192588e-05
   9.9947528e-01   8.0700101e-67   4.7080601e-12   6.5285366e-13   5.2471969e-04
   9.9653197e-01   8.0800876e-67   3.3058533e-11   4.4081078e-12   3.4680306e-03
   9.7708741e-01   5.1951691e-67   3.9166394e-10   2.9359641e-11   2.2912590e-02
   8.4862980e-01   2.2911021e-77   1.7725831e-08   2.1735152e-10   1.5137018e-01
   2.4900581e-11   0.0000000e+00   1.2663450e-06   5.2083856e-09   9.9999873e-01
   7.4866944e-12   0.0000000e+00   1.9680548e-10   1.2678858e-06   9.9999873e-01
   5.2292895e-38  6.1994066e-123   2.6576755e-05   4.2040116e-07   9.9997300e-01
   1.4895247e-29  2.5740552e-150   6.5757568e-06   2.3001037e-05   9.9997042e-01
   1.6364942e-28   2.7488926e-74   4.2470705e-06   4.3087033e-06   9.9999144e-01
   3.8262048e-39   0.0000000e+00   1.4535972e-05   1.5247725e-06   9.9998394e-01
   9.6405042e-56  8.0328228e-160   1.1801733e-05   8.3048258e-06   9.9997989e-01
  1.9968189e-176   0.0000000e+00   3.4531112e-31   1.3168848e-05   9.9998683e-01
   1.5924387e-27   2.9874876e-64   1.2303194e-04   5.5162703e-07   9.9987642e-01
   1.6603043e-27   1.0372928e-64   2.0007201e-03   1.3208691e-07   9.9799915e-01
   5.5997079e-28  7.6011076e-150   3.0664727e-02   1.1957070e-06   9.6933408e-01
   5.7021162e-28   2.5206436e-65   4.9772333e-02   1.7650494e-06   9.5022590e-01
   3.5367933e-29  1.1980750e-151   3.4163446e-01   3.1110379e-06   6.5836243e-01
   2.7137712e-30  5.1582448e-178   5.3619522e-01   1.3094697e-05   4.6379169e-01
   3.1061024e-56  2.9498493e-131   6.6590453e-01   9.0147888e-06   3.3408646e-01
   6.5093426e-41   0.0000000e+00   7.6240300e-01   1.0382592e-05   2.3758662e-01
   2.5033975e-56  3.6670015e-120   8.6090784e-01   6.4915673e-05   1.3902724e-01
   4.4243989e-30  1.9892774e-170   9.3389855e-01   3.7377783e-04   6.5727670e-02
   3.6822968e-31  5.2854101e-152   9.5093224e-01   2.5146441e-04   4.8816294e-02
   8.1831632e-32  1.3224203e-161   9.6232340e-01   1.4944043e-04   3.7527156e-02
   1.1566795e-41   0.0000000e+00   9.6996943e-01   2.0727524e-05   3.0009844e-02
   6.6195825e-42   0.0000000e+00   9.7781615e-01   7.3856924e-06   2.2176464e-02
   8.5827344e-58  2.1582426e-121   9.8583204e-01   1.2364804e-05   1.4155592e-02
   1.6489454e-32  1.3667911e-177   9.9177827e-01   3.3774141e-05   8.1879544e-03
   3.8457759e-58  1.2346795e-120   9.9554172e-01   7.8273955e-05   4.3800078e-03
   4.3256341e-32  3.0459176e-179   9.9812272e-01   3.4022856e-04   1.5370475e-03
   3.3641823e-33  1.3743205e-177   9.9864623e-01   2.1059810e-04   1.1431735e-03
   5.9560442e-59  9.1961884e-121   9.9904866e-01   1.4246618e-04   8.0887524e-04
   3.3608254e-33   0.0000000e+00   9.9927207e-01   2.7115383e-04   4.5677700e-04
   2.8281367e-59  2.2061969e-121   9.9940387e-01   1.2402112e-04   4.7210912e-04
   3.5905787e-34  1.9032225e-152   9.9950019e-01   1.7311557e-04   3.2669483e-04
   2.9551313e-34  8.7201647e-152   9.9951061e-01   2.6432452e-04   2.2506588e-04
   1.0500664e-33   0.0000000e+00   9.9941301e-01   4.3927541e-04   1.4771680e-04
   1.7919175e-34  1.4245414e-177   9.9941784e-01   2.8777379e-04   2.9438446e-04
   1.2178783e-59  1.8887997e-121   9.9947368e-01   2.0854507e-04   3.1777943e-04
   2.3154692e-34  2.8669273e-152   9.9939300e-01   3.8991518e-04   2.1708714e-04
   3.2403765e-34  1.2722703e-151   9.9913651e-01   7.1677179e-04   1.4671872e-04
   6.3080810e-34   0.0000000e+00   9.9825296e-01   1.6604251e-03   8.6615571e-05
   1.7797999e-34  6.3126013e-152   9.9792080e-01   1.9084674e-03   1.7073467e-04
   2.3488259e-34  8.6478055e-152   9.9700232e-01   2.8550370e-03   1.4263840e-04
   3.7648136e-34  5.3790191e-151   9.9433962e-01   5.5684911e-03   9.1885405e-05
   2.1005497e-33  9.6301996e-171   9.8683178e-01   1.3125882e-02   4.2335245e-05
   1.3661951e-34  3.4457461e-152   9.8444216e-01   1.5373625e-02   1.8421289e-04
   2.3558228e-34  5.4240193e-152   9.8017121e-01   1.9637343e-02   1.9144692e-04
   2.7598619e-34  3.1538966e-151   9.6822437e-01   3.1644928e-02   1.3070207e-04
   2.9731506e-33  1.0853030e-170   9.4641941e-01   5.3514367e-02   6.6221032e-05
   2.0443769e-34  2.3505559e-152   9.3942836e-01   6.0298677e-02   2.7296034e-04
   2.0238563e-34  1.5588206e-152   9.2680541e-01   7.2899937e-02   2.9465242e-04
   1.8937245e-34  1.1389666e-152   9.0380028e-01   9.5957258e-02   2.4246013e-04
   1.4953024e-34  4.0904018e-152   8.6186352e-01   1.3796781e-01   1.6867768e-04
   5.1117272e-34   0.0000000e+00   7.8548580e-01   2.1441723e-01   9.6970049e-05
   9.8046061e-35  1.0290717e-151   7.5393142e-01   2.4590962e-01   1.5896221e-04
   1.0152419e-33  1.8055098e-164   6.9656179e-01   3.0332555e-01   1.1266100e-04
   1.3325654e-33  1.4654475e-204   6.7421931e-01   3.2566681e-01   1.1388214e-04
   6.6783651e-60  1.5221847e-120   6.6835233e-01   3.3066422e-01   9.8344881e-04
   2.7656742e-33   0.0000000e+00   6.3901872e-01   3.6043497e-01   5.4631663e-04
   6.6070103e-34  4.1339557e-152   6.2693649e-01   3.7241420e-01   6.4930903e-04
   5.0639721e-34  9.5298388e-152   5.9307989e-01   4.0655909e-01   3.6101551e-04
   1.8865185e-33  9.6018228e-190   4.9841284e-01   5.0148332e-01   1.0383792e-04
   1.7015466e-44   0.0000000e+00   4.7334163e-01   5.2646813e-01   1.9024119e-04
   1.3873821e-34   0.0000000e+00   2.7088765e-01   7.2905988e-01   5.2469000e-05
   1.2247024e-34  1.8238132e-206   1.8713451e-01   8.1284905e-01   1.6435786e-05
   1.4484949e-61  2.9994096e-122   1.6496859e-01   8.3499629e-01   3.5123529e-05
   5.2192966e-35  1.2365507e-180   5.2957629e-02   9.4703778e-01   4.5936408e-06
   1.8834834e-35  8.5215712e-167   2.3294210e-02   9.7669935e-01   6.4432446e-06
   7.2598294e-36   0.0000000e+00   1.1720192e-02   9.8827212e-01   7.6842219e-06
   4.2777490e-36   0.0000000e+00   6.9372725e-03   9.9305122e-01   1.1510940e-05
   4.0573024e-37  4.9733743e-154   4.9656747e-03   9.9502298e-01   1.1340725e-05
   1.0065802e-35  7.9803093e-181   1.3663859e-03   9.9863242e-01   1.1921009e-06
   1.1909421e-35  3.5980516e-180   4.0465464e-04   9.9959401e-01   1.3347177e-06
   1.7329633e-35   0.0000000e+00   1.4989526e-04   9.9983808e-01   1.2027322e-05
   1.9430190e-34   0.0000000e+00   4.5249110e-05   9.9988332e-01   7.1426903e-05
   9.0655336e-34   0.0000000e+00   3.7977969e-09   9.9955970e-01   4.4029121e-04
   9.5996277e-33  2.3890950e-178   3.0353019e-04   9.9952676e-01   1.6970905e-04
   9.6111450e-33  4.4612827e-188   3.5063631e-04   9.9917060e-01   4.7876181e-04
   3.4182500e-43   0.0000000e+00   4.0614998e-04   9.9285460e-01   6.7392513e-03
   5.6644890e-58  5.5290131e-155   1.2026804e-03   9.9225215e-01   6.5451717e-03
  6.6882867e-181   0.0000000e+00   1.6948989e-29   9.9327665e-01   6.7233539e-03
   2.8618050e-32  1.4644282e-179   5.5431512e-03   9.9327073e-01   1.1861158e-03
   2.5033688e-32  2.4205572e-197   5.4028289e-03   9.9427268e-01   3.2449093e-04
   2.9390945e-59  1.1567293e-121   5.2164660e-03   9.9453687e-01   2.4666451e-04
   4.3590436e-34  3.1919717e-181   3.3299215e-03   9.9662095e-01   4.9124031e-05
   1.9536181e-35  1.1906974e-153   2.7783837e-03   9.9718227e-01   3.9342952e-05
   1.6526740e-35   0.0000000e+00   1.1563846e-03   9.9883505e-01   8.5688773e-06
   1.4405522e-35   0.0000000e+00   4.5913051e-04   9.9953726e-01   3.6091271e-06
   4.6374727e-35   0.0000000e+00   1.6603081e-04   9.9983010e-01   3.8654731e-06
   3.3187566e-34  1.6529760e-178   4.2958313e-05   9.9994249e-01   1.4553451e-05
   8.1425813e-34  5.2005382e-214   9.2824474e-06   9.9974958e-01   2.4114124e-04
  3.8876535e-182   0.0000000e+00   8.6124458e-31   9.9538926e-01   4.6107420e-03
   1.5149302e-33  2.2043597e-178   2.3819321e-03   9.9499041e-01   2.6276571e-03
   2.6495619e-59  4.8569431e-122   3.8994310e-03   9.9507485e-01   1.0257153e-03
   8.8818445e-34   0.0000000e+00   2.8845760e-03   9.9685892e-01   2.5650586e-04
   9.9148452e-34  1.2189096e-180   2.0780571e-03   9.9786365e-01   5.8296389e-05
   8.1507370e-35  2.2481863e-152   1.8211090e-03   9.9811145e-01   6.7436211e-05
   3.0322852e-34  3.8086764e-180   1.0309511e-03   9.9895017e-01   1.8880643e-05
   9.5490344e-35   0.0000000e+00   8.0678536e-04   9.9914468e-01   4.8537265e-05
   2.1937730e-35  1.1386353e-152   7.3511942e-04   9.9913360e-01   1.3127640e-04
   2.3474449e-34   0.0000000e+00   6.3177003e-04   9.9928726e-01   8.0968050e-05
   2.9171343e-35  4.6037149e-153   5.9116717e-04   9.9929529e-01   1.1353876e-04
   1.1330766e-34   0.0000000e+00   4.9373853e-04   9.9945093e-01   5.5329405e-05
   2.3222790e-35  6.7529312e-153   4.4822329e-04   9.9950558e-01   4.6200911e-05
   9.1381455e-35  1.1478541e-166   2.1892535e-04   9.9976544e-01   1.5635993e-05
   4.5663020e-35  9.5919968e-167   1.0776882e-04   9.9988274e-01   9.4899044e-06
   1.8719158e-35   0.0000000e+00   6.1447843e-05   9.9993054e-01   8.0102924e-06
   5.0096055e-35  9.5262624e-173   4.2656260e-05   9.9994854e-01   8.8001504e-06
   2.1863350e-36  1.0802200e-153   3.9399610e-05   9.9993066e-01   2.9936927e-05
   2.0327363e-35   0.0000000e+00   4.2444700e-05   9.9994655e-01   1.1001335e-05
   3.1738479e-35  2.3679730e-181   3.2216307e-05   9.9996073e-01   7.0567394e-06
   1.6348062e-36  1.2069465e-153   3.0122130e-05   9.9993915e-01   3.0724493e-05
   2.2208410e-35   0.0000000e+00   3.8857049e-05   9.9994959e-01   1.1550812e-05
   4.2140116e-35  7.2146316e-180   3.1547005e-05   9.9996147e-01   6.9792869e-06
   4.9461194e-35  2.1200948e-179   3.0562448e-05   9.9994684e-01   2.2595165e-05
   8.2194283e-35   0.0000000e+00   4.3449155e-05   9.9981184e-01   1.4471089e-04
   1.8041949e-33  1.4282103e-169   1.5195904e-04   9.9961271e-01   2.3533043e-04
   2.6616022e-33  8.0701896e-178   3.2141479e-04   9.9888399e-01   7.9459617e-04
   3.2578653e-33   0.0000000e+00   7.3375523e-04   9.9213532e-01   7.1309221e-03
   4.6032765e-33  2.0704144e-150   3.8110081e-03   9.6887132e-01   2.7317668e-02
   4.1887466e-32  1.1332666e-149   1.7608295e-02   9.5938635e-01   2.3005358e-02
   2.6475034e-31  1.0163402e-177   3.2442666e-02   9.5759824e-01   9.9590968e-03
   4.2663187e-32  2.0622502e-150   3.6005071e-02   9.3451990e-01   2.9475029e-02
   2.5230711e-32  6.0856998e-161   4.6518322e-02   9.2631450e-01   2.7167181e-02
   3.5832740e-42   0.0000000e+00   5.6371045e-02   9.2233430e-01   2.1294650e-02
   2.9488476e-58  1.2140612e-121   6.5470833e-02   9.2530385e-01   9.2253184e-03
   9.9490955e-33  3.4960945e-152   5.2158112e-02   9.4512847e-01   2.7134184e-03
   8.2098723e-32  7.3030137e-214   1.1829052e-02   9.8636443e-01   1.8065180e-03
  6.2293807e-181   0.0000000e+00   1.0882108e-28   9.9799997e-01   2.0000250e-03
   8.9425662e-33  5.8246449e-180   1.5751119e-03   9.9799212e-01   4.3276906e-04
   2.7110640e-33   0.0000000e+00   1.5533154e-03   9.9821184e-01   2.3484921e-04
   1.8753383e-34  1.6530211e-152   1.5409869e-03   9.9818120e-01   2.7781037e-04
   4.9091518e-34   0.0000000e+00   1.4437776e-03   9.9840682e-01   1.4940201e-04
   2.3324173e-34   0.0000000e+00   1.4111785e-03   9.9843119e-01   1.5762918e-04
   4.0787668e-36   0.0000000e+00   1.4665026e-03   9.9830770e-01   2.2579915e-04
   7.9409158e-62   2.1559468e-55   1.6650493e-03   9.9832678e-01   8.1731862e-06
   7.7034589e-35   9.9537434e-01   1.9570838e-05   4.6049613e-03   1.1277384e-06
   7.2587415e-35   9.9997748e-01   1.1450965e-06   2.1246182e-05   1.2840785e-07
   6.0031953e-35   9.9999976e-01   1.2236782e-07   9.8465862e-08   1.4518156e-08
   4.9541255e-35   9.9999998e-01   1.3782712e-08   5.0529420e-10   1.6409933e-09
   4.1572117e-35   1.0000000e+00   1.5575063e-09   8.0940234e-12   1.8548000e-10
   3.5604712e-35   1.0000000e+00   1.7604101e-10   6.8864309e-13   2.0964627e-11
   3.1146677e-35   1.0000000e+00   1.9897729e-11   7.6792344e-14   2.3696118e-12
   2.7817545e-35   1.0000000e+00   2.2490212e-12   8.6749414e-15   2.6783495e-13
   2.5331612e-35   1.0000000e+00   2.5420471e-13   9.8049803e-16   3.0273129e-14
   2.3475336e-35   1.0000000e+00   2.8732515e-14   1.1082465e-16   3.4217428e-15
   2.2089235e-35   1.0000000e+00   3.2476087e-15   1.2526404e-17   3.8675632e-16
   2.1054220e-35   1.0000000e+00   3.6707411e-16   1.4158474e-18   4.3714696e-17
   2.0281363e-35   1.0000000e+00   4.1490035e-17   1.6003188e-19   4.9410303e-18
   1.9704263e-35   1.0000000e+00   4.6895790e-18   1.8088251e-20   5.5847993e-19
   1.9273337e-35   1.0000000e+00   5.3005863e-19   2.0444977e-21   6.3124453e-20
   1.8951559e-35   1.0000000e+00   5.9912020e-20   2.3108762e-22   7.1348965e-21
   1.8711285e-35   1.0000000e+00   6.7717984e-21   2.6119612e-23   8.0645053e-22
   1.8531870e-35   1.0000000e+00   7.6540990e-22   2.9522748e-24   9.1152333e-23
   1.8397899e-35   1.0000000e+00   8.6513549e-23   3.3369280e-25   1.0302861e-23
   1.8297861e-35   1.0000000e+00   9.7785437e-24   3.7716978e-26   1.1645225e-24
   1.8223162e-35   1.0000000e+00   1.1052594e-24   4.2631140e-27   1.3162487e-25
   1.8167383e-35   1.0000000e+00   1.2492642e-25   4.8185569e-28   1.4877433e-26
   1.8125733e-35   1.0000000e+00   1.4120314e-26   5.4463688e-29   1.6815820e-27
   1.8094632e-35   1.0000000e+00   1.5960055e-27   6.1559786e-30   1.9006761e-28
   1.8071409e-35   1.0000000e+00   1.8039498e-28   6.9580437e-31   2.1483160e-29
   1.8054068e-35   1.0000000e+00   2.0389872e-29   7.8646103e-32   2.4282210e-30
   1.8041119e-35   1.0000000e+00   2.3046478e-30   8.8892938e-33   2.7445951e-31
   1.8031450e-35   1.0000000e+00   2.6049214e-31   1.0047484e-33   3.1021906e-32
   1.8024230e-35   1.0000000e+00   2.9443186e-32   1.1356575e-34   3.5063836e-33
   1.8018839e-35   1.0000000e+00   3.3279417e-33   1.2836232e-35   3.9632856e-34
   1.8014813e-35   1.0000000e+00   3.7615889e-34   1.4508698e-36   4.4800657e-35
   1.8011807e-35   1.0000000e+00   4.2520484e-35   1.6399245e-37   5.0667755e-36
   1.8009563e-35   1.0000000e+00   4.8087411e-36   1.8537427e-38   5.7493304e-37
   1.8007887e-35   1.0000000e+00   5.4553712e-37   2.0964001e-39   6.6656947e-38
   1.8006635e-35   1.0000000e+00   6.3162213e-38   2.3779974e-40   8.7832794e-39
   1.8005701e-35   1.0000000e+00   8.2597327e-39   2.7509725e-41   1.9254876e-39
   1.8005003e-35   1.0000000e+00   1.7703294e-39   3.5809062e-42   9.1410897e-40
   1.8004482e-35   1.0000000e+00   8.2490066e-40   7.5682644e-43   6.2338430e-40
   1.8004093e-35   1.0000000e+00   5.5978376e-40   3.4844511e-43   4.5879719e-40
   1.8003802e-35   1.0000000e+00   4.1164648e-40   2.3569582e-43   3.4183234e-40
   1.8003585e-35   1.0000000e+00   3.0666291e-40   1.7322820e-43   2.5516421e-40
   1.8003423e-35   1.0000000e+00   2.2890719e-40   1.2903836e-43   1.9052405e-40
   1.8003302e-35   1.0000000e+00   1.7091816e-40   9.6318889e-44   1.4226515e-40
   1.8003212e-35   1.0000000e+00   1.2762529e-40   7.1918297e-44   1.0623071e-40
   1.8003144e-35   1.0000000e+00   9.5298985e-41   5.3701671e-44   7.9323540e-41
   1.8003094e-35   1.0000000e+00   7.1160708e-41   4.0099533e-44   5.9231693e-41
   1.8003056e-35   1.0000000e+00   5.3136423e-41   2.9942723e-44   4.4228913e-41
   1.8003028e-35   1.0000000e+00   3.9677507e-41   2.2358535e-44   3.3026220e-41
   1.8003007e-35   1.0000000e+00   2.9627598e-41   1.6695346e-44   2.4661286e-41
   1.8002992e-35   1.0000000e+00   2.2123228e-41   1.2466584e-44   1.8416624e-41
   1.8002980e-35   1.0000000e+00   1.6519640e-41   9.3089253e-45   1.3763715e-41
   1.8002971e-35   1.0000000e+00   1.2335383e-41   6.9510692e-45   1.0355688e-41
   1.8002964e-35   1.0000000e+00   9.2109558e-42   5.1904347e-45   8.2491939e-42
   1.8002956e-35   1.0000000e+00   6.8779144e-42   3.8757547e-45   9.5719181e-42
   1.8002931e-35   1.0000000e+00   5.1358089e-42   2.8940942e-45   2.9689401e-41
   1.8002786e-35   1.0000000e+00   3.8349654e-42   2.1612396e-45   1.7108953e-40
   1.8001842e-35   1.0000000e+00   2.8639571e-42   1.6150865e-45   1.1115717e-39
   1.7995623e-35   1.0000000e+00   2.1727796e-42   1.2162393e-45   7.3292475e-39
   1.7954560e-35   1.0000000e+00   5.0396457e-42   1.2789538e-45   4.8386707e-38
   1.7685190e-35   1.0000000e+00   3.4340584e-40   5.2551578e-44   3.1741680e-37
