   9.9999980e-01   0.0000000e+00   2.9328224e-18   1.9629966e-90   2.0129509e-07
   9.9999847e-01   1.8523976e-69   1.2482004e-14   2.7305116e-18   1.5311222e-06
   9.9998968e-01   7.8456194e-67   1.7014008e-13   1.1029828e-14   1.0316434e-05
   9.9993164e-01   1.3061256e-66   8.8083788e-12   8.5099381e-14   6.8355282e-05
   9.9954822e-01   1.4828402e-66   8.3293869e-10   5.8302165e-13   4.5177525e-04
   9.9701567e-01   1.3173285e-66   8.3559635e-08   5.2677654e-12   2.9842440e-03
   9.8033132e-01   8.0489183e-67   8.4058112e-06   2.6383397e-10   1.9660277e-02
   8.7478744e-01  6.9173115e-152   8.4429594e-04   3.8990444e-08   1.2436822e-01
   8.5781132e-01  3.0399008e-169   4.3133756e-03   1.0304356e-05   1.3786500e-01
   7.9499047e-01   2.5399949e-64   5.2330538e-03   7.2992520e-06   1.9976918e-01
   4.2267621e-01  8.1645016e-164   2.5795488e-02   1.4543615e-05   5.5151376e-01
   7.2656474e-02  7.0478784e-152   6.0027763e-02   1.5025010e-05   8.6730074e-01
   1.7184736e-02  7.0625396e-151   9.6649531e-02   3.0061139e-05   8.8613567e-01
   8.2641507e-03  8.8691317e-150   1.2156846e-01   4.8581414e-05   8.7011880e-01
   6.8153480e-03   5.1907196e-90   1.3766741e-01   6.2306746e-06   8.5551101e-01
   2.0132997e-29  2.2916498e-145   3.8406037e-01   2.7668670e-06   6.1593687e-01
   9.6003383e-56  1.7139224e-121   5.6941631e-01   5.2913602e-06   4.3057839e-01
   7.7250323e-31  5.5287235e-162   7.0730619e-01   1.3233547e-05   2.9268057e-01
   6.2573493e-41   0.0000000e+00   7.9537071e-01   9.7875261e-06   2.0461950e-01
   1.0769111e-56  1.3835472e-120   8.8527507e-01   5.3447906e-05   1.1467148e-01
   1.4583596e-30  2.4790752e-204   9.5192952e-01   3.0047119e-04   4.7770013e-02
   7.2856697e-57  4.0902588e-121   9.6503777e-01   1.1351956e-04   3.4848715e-02
   3.8709329e-32  4.0205299e-152   9.7480142e-01   1.2711852e-04   2.5071464e-02
   3.2096072e-32  4.5560226e-152   9.8130348e-01   1.2926455e-04   1.8567253e-02
   2.4082123e-32  2.7421318e-177   9.8564268e-01   1.0827925e-04   1.4249045e-02
   9.6133727e-58  1.2660863e-130   9.8856614e-01   3.8471372e-05   1.1395394e-02
   3.2483939e-42   0.0000000e+00   9.9076251e-01   1.2391750e-05   9.2250983e-03
   2.3127356e-42   0.0000000e+00   9.9301302e-01   1.1873374e-05   6.9751088e-03
   6.4858086e-33  2.3963636e-152   9.9528310e-01   4.8325241e-05   4.6685778e-03
   4.7152575e-33  2.3909713e-152   9.9678916e-01   6.0748160e-05   3.1500925e-03
   3.0417861e-33  1.2905044e-177   9.9779819e-01   5.3134313e-05   2.1486720e-03
   1.0862125e-58  4.0858381e-121   9.9849049e-01   2.1976192e-05   1.4875368e-03
   2.5559537e-33  7.7052946e-152   9.9900886e-01   2.7864516e-05   9.6327900e-04
   1.9217837e-33  7.7171189e-152   9.9933717e-01   3.0842808e-05   6.3199070e-04
   1.2782011e-33  7.3449919e-152   9.9954401e-01   3.4341783e-05   4.2165039e-04
   8.1062706e-34  3.8579671e-152   9.9966987e-01   4.2429921e-05   2.8769963e-04
   2.8988968e-34  3.4784859e-152   9.9973337e-01   6.4441974e-05   2.0218759e-04
   3.2968157e-34  3.3440165e-152   9.9976731e-01   8.0399176e-05   1.5229433e-04
   1.3619695e-34  4.2761293e-152   9.9973763e-01   1.4992069e-04   1.1245192e-04
   2.5132415e-34  5.6319467e-151   9.9964883e-01   2.6401714e-04   8.7151462e-05
   2.9231549e-33  1.2392305e-195   9.9946190e-01   4.7571039e-04   6.2393412e-05
   1.2845458e-59  1.2503642e-130   9.9946345e-01   1.0090628e-04   4.3564861e-04
   1.0503752e-43   0.0000000e+00   9.9956112e-01   1.6896960e-05   4.2198378e-04
   1.7807220e-59  1.1543887e-146   9.9968310e-01   1.8390977e-05   2.9850818e-04
   1.5076892e-59  9.8607798e-121   9.9975343e-01   4.4494201e-05   2.0207449e-04
   1.0081822e-33   0.0000000e+00   9.9968572e-01   1.8749784e-04   1.2678684e-04
   4.1292466e-44   0.0000000e+00   9.9971034e-01   4.0959889e-05   2.4869736e-04
   1.9444587e-34  3.4026512e-152   9.9975553e-01   7.6373528e-05   1.6809978e-04
   2.9283255e-34  1.6711059e-151   9.9976058e-01   1.1960508e-04   1.1981794e-04
   6.2822762e-34   0.0000000e+00   9.9965708e-01   2.6351645e-04   7.9402260e-05
   2.0547000e-34  6.2456440e-152   9.9965619e-01   1.4104706e-04   2.0275939e-04
   2.0960168e-34  5.3694150e-152   9.9968505e-01   1.0907802e-04   2.0587401e-04
   3.9736572e-34  5.7323472e-152   9.9972232e-01   8.0200875e-05   1.9747973e-04
   2.2720983e-34  5.6668134e-152   9.9973986e-01   8.7746867e-05   1.7239003e-04
   3.6019769e-34  5.8899562e-152   9.9975367e-01   8.3007764e-05   1.6332001e-04
   1.8476879e-34  9.3323156e-162   9.9973693e-01   1.1246044e-04   1.5060811e-04
   4.6173671e-44   0.0000000e+00   9.9971253e-01   1.2919001e-04   1.5827917e-04
   8.3649066e-34   0.0000000e+00   9.9927290e-01   6.2300563e-04   1.0409224e-04
   3.6800231e-44   0.0000000e+00   9.9914964e-01   5.9992698e-04   2.5043294e-04
   2.0607393e-34  4.4982669e-162   9.9806634e-01   1.7522010e-03   1.8146269e-04
   3.5470049e-44   0.0000000e+00   9.9603753e-01   3.8162981e-03   1.4616893e-04
   5.1629303e-34   0.0000000e+00   9.7925845e-01   2.0672795e-02   6.8751911e-05
   4.0144310e-34   0.0000000e+00   9.7234154e-01   2.7564812e-02   9.3649095e-05
   1.3777607e-34  3.0750428e-151   9.6953455e-01   3.0114650e-02   3.5079935e-04
   2.9692966e-33  4.4579036e-190   9.6453628e-01   3.5101262e-02   3.6245840e-04
   3.5759099e-59  4.8825983e-120   9.6269754e-01   3.6539543e-02   7.6291871e-04
   8.6633667e-33  4.1993217e-164   9.5307900e-01   4.6420036e-02   5.0096606e-04
   7.3675829e-33  1.2223166e-164   9.4943551e-01   5.0008641e-02   5.5585330e-04
   1.5501671e-33  4.5744589e-151   9.4819137e-01   5.0685304e-02   1.1233215e-03
   4.5640258e-33   0.0000000e+00   9.4464038e-01   5.4539655e-02   8.1996538e-04
   4.1367133e-59  6.8885760e-121   9.4328481e-01   5.5212613e-02   1.5025741e-03
   1.5881995e-33  8.5724384e-178   9.3556826e-01   6.3444712e-02   9.8703058e-04
   2.0942490e-59  6.5448313e-122   9.1282651e-01   8.6627289e-02   5.4620357e-04
   2.9269652e-34  1.7471647e-152   7.9576798e-01   2.0402892e-01   2.0309719e-04
   3.5051477e-34  6.2480151e-167   4.7037772e-01   5.2955263e-01   6.9650128e-05
   1.1087974e-35  3.3606910e-153   3.4336372e-01   6.5661598e-01   2.0303099e-05
   5.2783526e-35  1.0212595e-179   1.1226512e-01   8.8773227e-01   2.6127281e-06
   6.2973140e-35  5.0597610e-171   5.1097907e-02   9.4889894e-01   3.1550081e-06
   7.5114286e-35  3.0214848e-171   3.1406903e-02   9.6858303e-01   1.0068149e-05
   4.3672937e-35  1.0687177e-191   2.5072678e-02   9.7487176e-01   5.5559196e-05
   7.6374412e-61  2.1733693e-121   2.2637641e-02   9.7727596e-01   8.6395525e-05
   5.2883338e-34  6.2214198e-172   1.0186758e-02   9.8979485e-01   1.8391315e-05
   1.2528588e-34  1.1717177e-167   6.1392179e-03   9.9383957e-01   2.1211975e-05
   2.2046223e-36  9.4720425e-155   4.5684727e-03   9.9541167e-01   1.9856405e-05
   2.1428563e-36   0.0000000e+00   1.6889031e-03   9.9830759e-01   3.5083257e-06
   1.7016215e-36  1.9229145e-181   4.8175435e-04   9.9951746e-01   7.8232992e-07
   1.4001861e-36  1.7830901e-173   1.5996691e-04   9.9983906e-01   9.7491265e-07
   2.7810144e-37  5.1398519e-168   5.6519530e-05   9.9994173e-01   1.7464277e-06
   3.8942807e-37  6.3759182e-182   1.6851793e-05   9.9998262e-01   5.2364056e-07
   3.2453702e-37  2.3841546e-181   5.2213687e-06   9.9999420e-01   5.7562034e-07
   8.7833047e-37  4.5918166e-181   2.1986909e-06   9.9999666e-01   1.1395504e-06
   1.6180830e-36  1.2374202e-166   1.8329813e-06   9.9999274e-01   5.4226103e-06
   8.7495662e-36  7.6891489e-182   5.4962450e-06   9.9998977e-01   4.7303489e-06
   3.8300362e-37  2.2220210e-154   7.7661574e-06   9.9997440e-01   1.7837042e-05
   4.0466282e-36   0.0000000e+00   1.8561466e-05   9.9997747e-01   3.9704354e-06
   8.1701200e-36  1.7770604e-172   9.7408181e-06   9.9998903e-01   1.2251291e-06
   5.7294327e-36   0.0000000e+00   4.4057358e-06   9.9999385e-01   1.7446967e-06
   3.7358870e-35  5.2226045e-214   1.8673882e-06   9.9999294e-01   5.1916671e-06
  4.4119570e-184   0.0000000e+00   1.8993660e-32   9.9991023e-01   8.9774714e-05
   1.7252503e-34  6.0809391e-181   7.6791886e-05   9.9990792e-01   1.5292540e-05
   3.1051129e-35   0.0000000e+00   5.8577903e-05   9.9992464e-01   1.6783124e-05
   2.4261835e-36  1.1616266e-153   5.6504014e-05   9.9992150e-01   2.1994007e-05
   2.4629352e-35  1.3660962e-166   3.9490404e-05   9.9995371e-01   6.7966886e-06
   3.4581179e-35  2.0346175e-172   2.0472320e-05   9.9997713e-01   2.3996163e-06
   9.5994444e-36  1.2989650e-166   1.0916890e-05   9.9998327e-01   5.8144567e-06
   1.2062430e-35  1.2988169e-181   1.0490348e-05   9.9998462e-01   4.8906934e-06
   7.0502987e-37  2.2958929e-153   1.1631396e-05   9.9996977e-01   1.8601659e-05
   4.1862448e-35  2.4230909e-172   2.0903862e-05   9.9997509e-01   4.0088580e-06
   1.7471098e-35  7.1800873e-182   1.3857785e-05   9.9998191e-01   4.2337023e-06
   4.6594725e-37  1.8059398e-154   1.3540565e-05   9.9997083e-01   1.5626863e-05
   3.2875588e-36  5.9605133e-168   1.8243892e-05   9.9997802e-01   3.7402631e-06
   1.3547036e-36  8.4121448e-182   8.4701541e-06   9.9999087e-01   6.5881486e-07
   7.2810167e-37  4.0666795e-181   3.0535898e-06   9.9999630e-01   6.4902717e-07
   1.6533346e-36  8.5135273e-173   1.6402768e-06   9.9999710e-01   1.2588806e-06
   1.1340550e-36  1.5794910e-167   1.6507891e-06   9.9999491e-01   3.4346543e-06
   1.1794403e-36   0.0000000e+00   3.5961513e-06   9.9999375e-01   2.6560593e-06
   4.7358653e-36   0.0000000e+00   3.6771207e-06   9.9999447e-01   1.8553260e-06
   4.9876175e-35  4.9194796e-171   2.7550420e-06   9.9999605e-01   1.1966514e-06
   9.9798138e-35  1.8355323e-171   1.2396123e-06   9.9999115e-01   7.6096835e-06
   3.0636954e-35   0.0000000e+00   9.9581393e-11   9.9989938e-01   1.0062349e-04
   2.5033194e-34  1.0848361e-173   8.3837549e-05   9.9989492e-01   2.1247359e-05
   2.1352690e-36  1.6261774e-154   7.7770509e-05   9.9990884e-01   1.3388564e-05
   4.0999767e-36  1.2425013e-181   3.4286933e-05   9.9996435e-01   1.3586934e-06
   2.2250370e-36  4.6664423e-173   1.2166741e-05   9.9998701e-01   8.2570388e-07
   1.0804888e-36  9.0335405e-182   4.5246547e-06   9.9999455e-01   9.2116331e-07
   3.8072382e-37   0.0000000e+00   2.6315940e-06   9.9999458e-01   2.7904210e-06
   8.5981158e-37   0.0000000e+00   3.4240055e-06   9.9999362e-01   2.9560701e-06
   1.1466736e-36   0.0000000e+00   3.8860902e-06   9.9999343e-01   2.6818577e-06
   5.3651980e-36  1.0036842e-180   3.7965772e-06   9.9999409e-01   2.1172359e-06
   4.8022425e-36   0.0000000e+00   3.6966047e-06   9.9998685e-01   9.4512185e-06
   7.3094652e-35  3.0575424e-172   9.7263674e-06   9.9997532e-01   1.4955249e-05
   5.7288375e-36  1.1290068e-152   1.7801514e-05   9.9991572e-01   6.6482359e-05
   2.1122612e-34  1.5000777e-180   6.4711027e-05   9.9991119e-01   2.4103200e-05
   2.1547102e-35  9.3946274e-153   7.2144429e-05   9.9985099e-01   7.6863833e-05
   9.5755507e-35   0.0000000e+00   9.7456053e-05   9.9986991e-01   3.2638195e-05
   8.5117991e-35  7.3373392e-152   9.2454345e-05   9.9987965e-01   2.7899550e-05
   1.9321243e-33  1.2043792e-178   3.5044472e-05   9.9994007e-01   2.4881786e-05
   2.2687443e-33  5.2066744e-214   8.0701208e-06   9.9980238e-01   1.8954847e-04
  4.8972850e-184   0.0000000e+00   1.0626283e-30   9.9662497e-01   3.3750282e-03
   3.5546626e-35   2.3548292e-86   3.3571401e-03   9.9662178e-01   2.1076072e-05
   2.2654683e-34   9.9535607e-01   4.3536889e-05   4.5978055e-03   2.5857909e-06
   2.0613294e-34   9.9997587e-01   2.6156968e-06   2.1223202e-05   2.9320866e-07
   1.6970220e-34   9.9999959e-01   2.7942387e-07   9.8974848e-08   3.3145427e-08
   1.3995198e-34   9.9999996e-01   3.1466784e-08   5.7331890e-10   3.7464160e-09
   1.1742755e-34   1.0000000e+00   3.5558182e-09   1.5802828e-11   4.2345391e-10
   1.0057005e-34   1.0000000e+00   4.0190457e-10   1.5598444e-12   4.7862591e-11
   8.7977555e-35   1.0000000e+00   4.5426845e-11   1.7526130e-13   5.4098628e-12
   7.8573991e-35   1.0000000e+00   5.1345525e-12   1.9804772e-14   6.1147162e-13
   7.1552172e-35   1.0000000e+00   5.8035355e-13   2.2384920e-15   6.9114053e-14
   6.6308898e-35   1.0000000e+00   6.5596807e-14   2.5301450e-16   7.8118953e-15
   6.2393690e-35   1.0000000e+00   7.4143444e-15   2.8597987e-17   8.8297106e-16
   5.9470165e-35   1.0000000e+00   8.3803625e-16   3.2324031e-18   9.9801374e-17
   5.7287139e-35   1.0000000e+00   9.4722436e-17   3.6535543e-19   1.1280454e-17
   5.5657051e-35   1.0000000e+00   1.0706386e-17   4.1295775e-20   1.2750189e-18
   5.4439847e-35   1.0000000e+00   1.2101326e-18   4.6676220e-21   1.4411417e-19
   5.3530949e-35   1.0000000e+00   1.3678013e-19   5.2757685e-22   1.6289087e-20
   5.2852266e-35   1.0000000e+00   1.5460128e-20   5.9631507e-23   1.8411399e-21
   5.2345486e-35   1.0000000e+00   1.7474434e-21   6.7400922e-24   2.0810228e-22
   5.1967068e-35   1.0000000e+00   1.9751186e-22   7.6182617e-25   2.3521602e-23
   5.1684500e-35   1.0000000e+00   2.2324577e-23   8.6108484e-26   2.6586242e-24
   5.1473504e-35   1.0000000e+00   2.5233256e-24   9.7327596e-27   3.0050175e-25
   5.1315950e-35   1.0000000e+00   2.8520907e-25   1.1000845e-27   3.3965425e-26
   5.1198304e-35   1.0000000e+00   3.2236909e-26   1.2434150e-28   3.8390795e-27
   5.1110456e-35   1.0000000e+00   3.6437070e-27   1.4054201e-29   4.3392749e-28
   5.1044859e-35   1.0000000e+00   4.1184472e-28   1.5885329e-30   4.9046409e-29
   5.0995877e-35   1.0000000e+00   4.6550415e-29   1.7955035e-31   5.5436688e-30
   5.0959301e-35   1.0000000e+00   5.2615489e-30   2.0294405e-32   6.2659561e-31
   5.0931990e-35   1.0000000e+00   5.9470787e-31   2.2938572e-33   7.0823530e-32
   5.0911597e-35   1.0000000e+00   6.7219287e-32   2.5927250e-34   8.0051363e-33
   5.0896369e-35   1.0000000e+00   7.5977500e-33   2.9305333e-35   9.0482810e-34
   5.0884998e-35   1.0000000e+00   8.5878005e-34   3.3123614e-36   1.0228320e-34
   5.0876507e-35   1.0000000e+00   9.7077268e-35   3.7439878e-37   1.1569447e-35
   5.0870167e-35   1.0000000e+00   1.0980153e-35   4.2322220e-38   1.3140114e-36
   5.0865433e-35   1.0000000e+00   1.2467529e-36   4.7868389e-39   1.5324652e-37
   5.0861897e-35   1.0000000e+00   1.4515812e-37   5.4344043e-40   2.0849563e-38
   5.0859258e-35   1.0000000e+00   1.9572262e-38   6.3208152e-41   4.9911910e-39
   5.0857287e-35   1.0000000e+00   4.5757055e-39   8.4761886e-42   2.5314208e-39
   5.0855815e-35   1.0000000e+00   2.2820158e-39   1.9525477e-42   1.7551055e-39
   5.0854716e-35   1.0000000e+00   1.5757492e-39   9.6329206e-43   1.2952813e-39
   5.0853895e-35   1.0000000e+00   1.1621314e-39   6.6338505e-43   9.6547332e-40
   5.0853282e-35   1.0000000e+00   8.6613678e-40   4.8903635e-43   7.2073361e-40
   5.0852825e-35   1.0000000e+00   6.4656794e-40   3.6445407e-43   5.3815706e-40
   5.0852483e-35   1.0000000e+00   4.8277792e-40   2.7206082e-43   4.0184486e-40
   5.0852228e-35   1.0000000e+00   3.6049282e-40   2.0314145e-43   3.0006136e-40
   5.0852037e-35   1.0000000e+00   2.6918338e-40   1.5168676e-43   2.2405884e-40
   5.0851895e-35   1.0000000e+00   2.0100194e-40   1.1326593e-43   1.6730701e-40
   5.0851789e-35   1.0000000e+00   1.5009019e-40   8.4576807e-44   1.2492986e-40
   5.0851710e-35   1.0000000e+00   1.1207387e-40   6.3154360e-44   9.3286515e-41
   5.0851650e-35   1.0000000e+00   8.3686698e-41   4.7158003e-44   6.9658755e-41
   5.0851606e-35   1.0000000e+00   6.2489708e-41   3.5213360e-44   5.2019960e-41
   5.0851573e-35   1.0000000e+00   4.6661701e-41   2.6294174e-44   3.8877261e-41
   5.0851548e-35   1.0000000e+00   3.4842766e-41   1.9634127e-44   2.9250880e-41
   5.0851528e-35   1.0000000e+00   2.6017448e-41   1.4661004e-44   2.3300836e-41
   5.0851505e-35   1.0000000e+00   1.9427493e-41   1.0947533e-44   2.7037029e-41
   5.0851434e-35   1.0000000e+00   1.4506707e-41   8.1747157e-45   8.3861270e-41
   5.0851024e-35   1.0000000e+00   1.0832319e-41   6.1046801e-45   4.8326288e-40
   5.0848360e-35   1.0000000e+00   8.0895898e-42   4.5620052e-45   3.1397675e-39
   5.0830791e-35   1.0000000e+00   6.1372763e-42   3.4354135e-45   2.0702337e-38
   5.0714805e-35   1.0000000e+00   1.4235083e-41   3.6125583e-45   1.3667405e-37
   4.9953937e-35   1.0000000e+00   9.6999092e-40   1.4843823e-43   8.9658177e-37
