   1.7000000e+01
   2.2000000e+01
   2.5000000e+01
   2.9000000e+01
   3.2000000e+01
   3.3000000e+01
   3.4000000e+01
   3.7000000e+01
   3.8000000e+01
   3.9000000e+01
   4.1000000e+01
   4.2000000e+01
   4.3000000e+01
   4.4000000e+01
   4.5000000e+01
   4.6000000e+01
   4.8000000e+01
   4.9000000e+01
   5.0000000e+01
   5.1000000e+01
   5.3000000e+01
   5.4000000e+01
   5.6000000e+01
   5.9000000e+01
   6.0000000e+01
   6.4000000e+01
   6.7000000e+01
   6.9000000e+01
   7.1000000e+01
   7.2000000e+01
   7.3000000e+01
   7.4000000e+01
   7.7000000e+01
   1.2500000e+02
   1.3600000e+02
