   1.1000000e+01
   1.9000000e+01
   4.9000000e+01
   5.1000000e+01
   5.5000000e+01
   6.5000000e+01
   6.6000000e+01
   6.7000000e+01
   6.8000000e+01
   6.9000000e+01
   7.1000000e+01
   7.3000000e+01
   7.5000000e+01
   7.7000000e+01
   7.9000000e+01
   8.0000000e+01
   8.2000000e+01
   8.3000000e+01
   8.4000000e+01
   8.8000000e+01
   8.9000000e+01
   9.0000000e+01
   9.2000000e+01
   9.3000000e+01
   9.4000000e+01
   9.5000000e+01
   9.7000000e+01
   9.9000000e+01
   1.0100000e+02
   1.0200000e+02
   1.0300000e+02
   1.0400000e+02
   1.0500000e+02
   1.0600000e+02
   1.0700000e+02
   1.1000000e+02
   1.1100000e+02
   1.1400000e+02
   1.1500000e+02
   1.1600000e+02
   1.1700000e+02
   1.2100000e+02
   1.2400000e+02
