   1.4000000e+01
   1.6000000e+01
   2.0000000e+01
   2.1000000e+01
   2.3000000e+01
   2.7000000e+01
   2.8000000e+01
   3.1000000e+01
   3.2000000e+01
   3.4000000e+01
   3.6000000e+01
   3.7000000e+01
   3.8000000e+01
   3.9000000e+01
   4.0000000e+01
   4.2000000e+01
   4.3000000e+01
   4.4000000e+01
   4.8000000e+01
   4.9000000e+01
   5.1000000e+01
   5.3000000e+01
   5.4000000e+01
   5.6000000e+01
   5.8000000e+01
   5.9000000e+01
   6.0000000e+01
   6.2000000e+01
   6.3000000e+01
   6.4000000e+01
   6.6000000e+01
   7.2000000e+01
   7.5000000e+01
   7.8000000e+01
   7.9000000e+01
   8.1000000e+01
   8.6000000e+01
   9.3000000e+01
   9.5000000e+01
   9.9000000e+01
   1.0200000e+02
   1.2000000e+02
   1.2900000e+02
   1.3200000e+02
   1.3700000e+02
   1.3900000e+02
