   9.0000000e+00
   1.7000000e+01
   1.8000000e+01
   2.0000000e+01
   2.1000000e+01
   2.2000000e+01
   2.3000000e+01
   2.4000000e+01
   2.5000000e+01
   2.6000000e+01
   2.7000000e+01
   2.9000000e+01
   3.0000000e+01
   3.2000000e+01
   3.5000000e+01
   3.7000000e+01
   3.9000000e+01
   4.1000000e+01
   4.2000000e+01
   4.3000000e+01
   4.4000000e+01
   4.5000000e+01
   4.7000000e+01
   4.9000000e+01
   5.0000000e+01
   5.1000000e+01
   5.2000000e+01
   5.3000000e+01
   5.4000000e+01
   5.5000000e+01
   5.6000000e+01
   5.7000000e+01
   6.0000000e+01
   6.1000000e+01
   6.3000000e+01
   6.4000000e+01
   6.7000000e+01
   6.8000000e+01
   6.9000000e+01
   7.1000000e+01
   7.3000000e+01
   8.1000000e+01
   8.4000000e+01
   8.9000000e+01
   9.5000000e+01
   1.0700000e+02
   1.1600000e+02
   1.2200000e+02
   1.2300000e+02
   1.2800000e+02
   1.3100000e+02
   1.3300000e+02
   1.3400000e+02
   1.3500000e+02
   1.4000000e+02
