   1.9000000e+01
   2.1000000e+01
   2.6000000e+01
   2.9000000e+01
   3.2000000e+01
   3.3000000e+01
   3.5000000e+01
   3.6000000e+01
   3.8000000e+01
   3.9000000e+01
   4.0000000e+01
   4.1000000e+01
   4.4000000e+01
   4.6000000e+01
   4.7000000e+01
   4.8000000e+01
   4.9000000e+01
   5.0000000e+01
   5.1000000e+01
   5.2000000e+01
   5.3000000e+01
   5.4000000e+01
   5.5000000e+01
   5.6000000e+01
   5.7000000e+01
   5.8000000e+01
   6.0000000e+01
   6.1000000e+01
   6.4000000e+01
   7.3000000e+01
   7.9000000e+01
   8.1000000e+01
   8.8000000e+01
   1.1700000e+02
