   2.8000000e+01
   3.3000000e+01
   3.4000000e+01
   3.6000000e+01
   3.8000000e+01
   3.9000000e+01
   4.1000000e+01
   4.2000000e+01
   5.2000000e+01
   5.5000000e+01
   5.6000000e+01
   5.8000000e+01
   5.9000000e+01
   6.1000000e+01
   6.3000000e+01
   6.5000000e+01
   6.7000000e+01
   6.8000000e+01
   7.0000000e+01
   7.3000000e+01
   7.4000000e+01
   7.8000000e+01
   9.1000000e+01
   9.7000000e+01
   1.0100000e+02
   1.0400000e+02
   1.0800000e+02
   1.1000000e+02
   1.1100000e+02
   1.1500000e+02
   1.2200000e+02
   1.2300000e+02
   1.2500000e+02
   1.2600000e+02
   1.2900000e+02
   1.3000000e+02
   1.3300000e+02
   1.3400000e+02
   1.3500000e+02
   1.3800000e+02
   1.4000000e+02
