   1.2000000e+01
   1.4000000e+01
   2.0000000e+01
   2.1000000e+01
   2.6000000e+01
   2.7000000e+01
   2.9000000e+01
   3.0000000e+01
   3.1000000e+01
   3.2000000e+01
   3.5000000e+01
   3.8000000e+01
   3.9000000e+01
   4.0000000e+01
   4.1000000e+01
   4.3000000e+01
   4.5000000e+01
   4.6000000e+01
   4.9000000e+01
   5.0000000e+01
   5.1000000e+01
   5.3000000e+01
   5.5000000e+01
   5.7000000e+01
   5.8000000e+01
   5.9000000e+01
   6.3000000e+01
   6.4000000e+01
   6.5000000e+01
   6.6000000e+01
   6.7000000e+01
   6.9000000e+01
   7.1000000e+01
   7.2000000e+01
   7.5000000e+01
   7.6000000e+01
   7.7000000e+01
   8.3000000e+01
   8.7000000e+01
   8.8000000e+01
   9.0000000e+01
   9.2000000e+01
   9.3000000e+01
   9.5000000e+01
   9.7000000e+01
   9.9000000e+01
   1.0400000e+02
   1.0500000e+02
   1.1000000e+02
   1.1100000e+02
   1.1300000e+02
   1.2000000e+02
   1.2400000e+02
   1.2800000e+02
   1.3300000e+02
   1.3400000e+02
   1.3500000e+02
   1.3600000e+02
   1.3900000e+02
