   1.4000000e+01
   2.3000000e+01
   2.4000000e+01
   2.7000000e+01
   2.8000000e+01
   2.9000000e+01
   3.1000000e+01
   3.2000000e+01
   3.6000000e+01
   3.9000000e+01
   4.2000000e+01
   4.4000000e+01
   4.5000000e+01
   4.6000000e+01
   4.7000000e+01
   4.8000000e+01
   4.9000000e+01
   5.1000000e+01
   5.3000000e+01
   5.4000000e+01
   5.7000000e+01
   5.9000000e+01
   6.0000000e+01
   6.2000000e+01
   6.4000000e+01
   6.5000000e+01
   8.2000000e+01
   8.6000000e+01
   8.8000000e+01
   9.0000000e+01
   9.3000000e+01
   1.0100000e+02
   1.0200000e+02
   1.0300000e+02
   1.0500000e+02
   1.0700000e+02
   1.0800000e+02
   1.1000000e+02
   1.1200000e+02
   1.1500000e+02
   1.2500000e+02
   1.2700000e+02
   1.3300000e+02
   1.3700000e+02
   1.4000000e+02
