   9.0000000e+00
   1.4000000e+01
   1.5000000e+01
   1.8000000e+01
   2.2000000e+01
   2.4000000e+01
   2.6000000e+01
   2.8000000e+01
   2.9000000e+01
   3.0000000e+01
   3.1000000e+01
   3.2000000e+01
   3.4000000e+01
   3.6000000e+01
   3.7000000e+01
   3.8000000e+01
   4.0000000e+01
   4.1000000e+01
   4.2000000e+01
   4.4000000e+01
   4.6000000e+01
   4.8000000e+01
   4.9000000e+01
   5.8000000e+01
   5.9000000e+01
   6.6000000e+01
   6.7000000e+01
   9.4000000e+01
   1.0100000e+02
   1.1000000e+02
   1.1700000e+02
   1.1800000e+02
   1.3000000e+02
   1.3900000e+02
