   1.3000000e+01
   1.9000000e+01
   2.3000000e+01
   2.4000000e+01
   2.5000000e+01
   2.6000000e+01
   2.7000000e+01
   2.8000000e+01
   2.9000000e+01
   3.0000000e+01
   3.1000000e+01
   3.2000000e+01
   3.3000000e+01
   3.4000000e+01
   3.6000000e+01
   3.7000000e+01
   3.8000000e+01
   3.9000000e+01
   4.0000000e+01
   4.1000000e+01
   4.2000000e+01
   4.3000000e+01
   4.7000000e+01
   4.8000000e+01
   4.9000000e+01
   5.0000000e+01
   5.1000000e+01
   5.2000000e+01
   5.4000000e+01
   5.5000000e+01
   5.6000000e+01
   5.8000000e+01
   5.9000000e+01
   6.0000000e+01
   6.1000000e+01
   6.2000000e+01
   6.3000000e+01
   6.4000000e+01
   6.8000000e+01
   7.0000000e+01
   7.1000000e+01
   7.2000000e+01
   7.4000000e+01
   7.6000000e+01
   7.9000000e+01
   8.3000000e+01
   8.4000000e+01
   8.5000000e+01
   8.6000000e+01
   8.8000000e+01
   9.0000000e+01
   9.1000000e+01
   9.4000000e+01
   9.6000000e+01
   9.8000000e+01
   9.9000000e+01
   1.0200000e+02
   1.0300000e+02
   1.0400000e+02
   1.0600000e+02
   1.0700000e+02
   1.1000000e+02
   1.2200000e+02
   1.3200000e+02
   1.3600000e+02
   1.3900000e+02
