   1.7000000e+01
   1.9000000e+01
   2.0000000e+01
   2.3000000e+01
   2.4000000e+01
   2.5000000e+01
   2.7000000e+01
   2.9000000e+01
   3.1000000e+01
   3.2000000e+01
   3.4000000e+01
   3.5000000e+01
   3.6000000e+01
   3.9000000e+01
   4.2000000e+01
   4.4000000e+01
   4.5000000e+01
   4.7000000e+01
   4.9000000e+01
   5.1000000e+01
   5.2000000e+01
   5.4000000e+01
   5.5000000e+01
   5.6000000e+01
   5.8000000e+01
   6.2000000e+01
   6.5000000e+01
   7.0000000e+01
   7.8000000e+01
   8.0000000e+01
   8.2000000e+01
   8.5000000e+01
   9.1000000e+01
   1.0000000e+02
   1.0200000e+02
   1.3600000e+02
