   2.3000000e+01
   2.7000000e+01
   2.9000000e+01
   3.1000000e+01
   3.4000000e+01
   3.7000000e+01
   3.8000000e+01
   4.0000000e+01
   4.1000000e+01
   4.2000000e+01
   4.6000000e+01
   4.7000000e+01
   4.8000000e+01
   5.1000000e+01
   5.2000000e+01
   5.4000000e+01
   5.5000000e+01
   5.6000000e+01
   5.7000000e+01
   5.8000000e+01
   6.0000000e+01
   6.1000000e+01
   6.2000000e+01
   6.3000000e+01
   6.5000000e+01
   6.7000000e+01
   6.9000000e+01
   7.1000000e+01
   7.2000000e+01
   7.6000000e+01
   7.7000000e+01
   7.9000000e+01
   8.1000000e+01
   8.5000000e+01
   8.6000000e+01
   8.8000000e+01
   8.9000000e+01
   9.1000000e+01
   9.2000000e+01
   9.3000000e+01
   9.5000000e+01
   9.6000000e+01
   1.0500000e+02
   1.1400000e+02
   1.1900000e+02
   1.3300000e+02
   1.3800000e+02
