   1.4000000e+01
   1.7000000e+01
   2.7000000e+01
   2.8000000e+01
   3.1000000e+01
   3.3000000e+01
   3.5000000e+01
   3.8000000e+01
   4.0000000e+01
   4.2000000e+01
   4.6000000e+01
   4.8000000e+01
   5.0000000e+01
   5.4000000e+01
   5.5000000e+01
   6.0000000e+01
   6.1000000e+01
   6.3000000e+01
   6.4000000e+01
   6.5000000e+01
   6.6000000e+01
   6.7000000e+01
   6.9000000e+01
   7.0000000e+01
   7.6000000e+01
   7.9000000e+01
   8.4000000e+01
   8.6000000e+01
   8.7000000e+01
   8.9000000e+01
   9.2000000e+01
   9.4000000e+01
   1.3100000e+02
