   3.0000000e+00
   4.0000000e+00
   5.0000000e+00
   6.0000000e+00
   1.4000000e+01
   1.6000000e+01
   1.7000000e+01
   1.8000000e+01
   1.9000000e+01
   2.7000000e+01
   2.8000000e+01
   3.0000000e+01
   3.3000000e+01
   4.0000000e+01
   4.4000000e+01
   5.4000000e+01
   5.5000000e+01
   5.6000000e+01
   5.7000000e+01
   5.9000000e+01
   6.0000000e+01
   6.3000000e+01
   6.4000000e+01
   6.5000000e+01
   6.7000000e+01
   6.8000000e+01
   7.0000000e+01
   7.5000000e+01
   7.6000000e+01
   7.9000000e+01
   8.8000000e+01
   8.9000000e+01
   9.0000000e+01
