   7.0000000e+00
   9.0000000e+00
   1.4000000e+01
   2.0000000e+01
   2.2000000e+01
   2.4000000e+01
   2.5000000e+01
   2.8000000e+01
   3.0000000e+01
   3.2000000e+01
   3.3000000e+01
   3.6000000e+01
   3.7000000e+01
   4.0000000e+01
   4.2000000e+01
   4.3000000e+01
   4.5000000e+01
   4.6000000e+01
   4.7000000e+01
   5.0000000e+01
   5.6000000e+01
   5.8000000e+01
   5.9000000e+01
   6.1000000e+01
   6.2000000e+01
   6.3000000e+01
   6.6000000e+01
   7.1000000e+01
   7.3000000e+01
   7.6000000e+01
   9.0000000e+01
   9.3000000e+01
   9.4000000e+01
   1.0000000e+02
