   1.0000000e+01
   1.3000000e+01
   1.4000000e+01
   1.6000000e+01
   1.9000000e+01
   2.0000000e+01
   2.2000000e+01
   2.3000000e+01
   2.5000000e+01
   2.7000000e+01
   2.8000000e+01
   3.0000000e+01
   4.0000000e+01
   4.1000000e+01
   4.2000000e+01
   4.4000000e+01
   5.2000000e+01
   5.4000000e+01
   5.8000000e+01
   5.9000000e+01
   6.6000000e+01
   6.8000000e+01
   6.9000000e+01
   7.1000000e+01
   7.3000000e+01
   7.5000000e+01
   7.6000000e+01
   8.6000000e+01
   8.7000000e+01
   8.8000000e+01
   9.0000000e+01
   9.7000000e+01
   9.8000000e+01
   9.9000000e+01
