   1.0000000e+00
   4.0000000e+00
   5.0000000e+00
   6.0000000e+00
   1.4000000e+01
   1.8000000e+01
   2.2000000e+01
   2.3000000e+01
   2.4000000e+01
   2.5000000e+01
   3.7000000e+01
   4.3000000e+01
   5.0000000e+01
   5.1000000e+01
   5.2000000e+01
   5.3000000e+01
   5.5000000e+01
   5.6000000e+01
   5.7000000e+01
   5.9000000e+01
   6.0000000e+01
   6.4000000e+01
   6.5000000e+01
   6.6000000e+01
   6.8000000e+01
   7.4000000e+01
   7.8000000e+01
   7.9000000e+01
   8.0000000e+01
   8.1000000e+01
   8.3000000e+01
   8.5000000e+01
   8.7000000e+01
   8.9000000e+01
   9.2000000e+01
   9.4000000e+01
   9.9000000e+01
   1.0000000e+02
