   7.0000000e+00
   9.0000000e+00
   1.1000000e+01
   1.4000000e+01
   2.2000000e+01
   2.3000000e+01
   2.7000000e+01
   2.8000000e+01
   2.9000000e+01
   3.1000000e+01
   3.6000000e+01
   3.8000000e+01
   4.3000000e+01
   4.5000000e+01
   4.9000000e+01
   5.0000000e+01
   5.6000000e+01
   5.8000000e+01
   6.6000000e+01
   6.8000000e+01
   7.1000000e+01
   7.2000000e+01
   7.4000000e+01
   7.6000000e+01
   7.7000000e+01
   7.9000000e+01
   8.4000000e+01
   8.5000000e+01
   8.6000000e+01
   8.8000000e+01
   9.6000000e+01
   1.0000000e+02
