   3.0000000e+00
   5.0000000e+00
   6.0000000e+00
   1.2000000e+01
   1.3000000e+01
   1.4000000e+01
   1.5000000e+01
   1.6000000e+01
   2.4000000e+01
   2.9000000e+01
   3.8000000e+01
   4.7000000e+01
   5.1000000e+01
   5.9000000e+01
   6.1000000e+01
   6.2000000e+01
   6.4000000e+01
   6.7000000e+01
   6.9000000e+01
   7.1000000e+01
   7.2000000e+01
   7.3000000e+01
   7.5000000e+01
   8.1000000e+01
   8.2000000e+01
   8.3000000e+01
   8.6000000e+01
   9.3000000e+01
   9.4000000e+01
   9.7000000e+01
   9.8000000e+01
   9.9000000e+01
