   1.0000000e+00
   3.0000000e+00
   1.4000000e+01
   1.5000000e+01
   1.8000000e+01
   1.9000000e+01
   2.4000000e+01
   2.6000000e+01
   2.8000000e+01
   3.0000000e+01
   3.2000000e+01
   3.6000000e+01
   3.8000000e+01
   4.0000000e+01
   4.4000000e+01
   4.9000000e+01
   5.1000000e+01
   5.2000000e+01
   5.3000000e+01
   5.4000000e+01
   5.7000000e+01
   6.0000000e+01
   6.2000000e+01
   6.4000000e+01
   6.9000000e+01
   7.3000000e+01
   8.1000000e+01
   8.2000000e+01
   8.3000000e+01
   9.3000000e+01
   9.4000000e+01
   9.6000000e+01
