   1.2000000e+01
   1.7000000e+01
   2.0000000e+01
   2.1000000e+01
   2.3000000e+01
   2.4000000e+01
   2.9000000e+01
   3.1000000e+01
   3.5000000e+01
   3.6000000e+01
   4.0000000e+01
   4.3000000e+01
   4.5000000e+01
   4.7000000e+01
   5.0000000e+01
   5.2000000e+01
   5.4000000e+01
   5.6000000e+01
   5.7000000e+01
   5.8000000e+01
   5.9000000e+01
   6.2000000e+01
   6.6000000e+01
   6.9000000e+01
   7.0000000e+01
   7.2000000e+01
   7.5000000e+01
   7.8000000e+01
   8.1000000e+01
   8.3000000e+01
   9.6000000e+01
   9.9000000e+01
