   8.0000000e+00
   9.0000000e+00
   1.2000000e+01
   1.4000000e+01
   1.8000000e+01
   1.9000000e+01
   2.0000000e+01
   2.2000000e+01
   2.3000000e+01
   2.5000000e+01
   3.1000000e+01
   3.2000000e+01
   3.4000000e+01
   3.7000000e+01
   3.9000000e+01
   4.1000000e+01
   4.4000000e+01
   4.5000000e+01
   4.8000000e+01
   5.2000000e+01
   5.3000000e+01
   5.4000000e+01
   5.8000000e+01
   5.9000000e+01
   6.1000000e+01
   6.2000000e+01
   6.6000000e+01
   6.7000000e+01
   6.8000000e+01
   7.0000000e+01
   7.1000000e+01
   7.2000000e+01
   7.3000000e+01
   7.6000000e+01
   7.8000000e+01
   7.9000000e+01
   8.1000000e+01
   8.4000000e+01
   9.0000000e+01
   9.4000000e+01
