   1.4000000e+01
   2.2000000e+01
   2.3000000e+01
   2.5000000e+01
   2.9000000e+01
   3.3000000e+01
   3.5000000e+01
   3.6000000e+01
   3.7000000e+01
   3.9000000e+01
   4.1000000e+01
   4.2000000e+01
   4.3000000e+01
   4.4000000e+01
   4.7000000e+01
   4.9000000e+01
   5.0000000e+01
   5.2000000e+01
   5.6000000e+01
   5.9000000e+01
   6.2000000e+01
   6.5000000e+01
   6.6000000e+01
   6.9000000e+01
   7.5000000e+01
   7.8000000e+01
   8.2000000e+01
   8.5000000e+01
   8.8000000e+01
   8.9000000e+01
   9.3000000e+01
   9.6000000e+01
