   9.0000000e+00
   1.0000000e+01
   1.3000000e+01
   1.6000000e+01
   2.4000000e+01
   2.6000000e+01
   2.7000000e+01
   3.5000000e+01
   3.6000000e+01
   3.7000000e+01
   3.8000000e+01
   3.9000000e+01
   4.6000000e+01
   4.9000000e+01
   5.1000000e+01
   5.5000000e+01
   5.9000000e+01
   6.1000000e+01
   6.2000000e+01
   6.5000000e+01
   6.7000000e+01
   7.4000000e+01
   7.5000000e+01
   7.8000000e+01
   8.7000000e+01
   8.8000000e+01
   8.9000000e+01
   9.2000000e+01
   9.3000000e+01
   9.6000000e+01
   1.0000000e+02
