   1.0000000e+00
   3.0000000e+00
   8.0000000e+00
   1.0000000e+01
   1.3000000e+01
   1.6000000e+01
   2.1000000e+01
   2.3000000e+01
   2.8000000e+01
   2.9000000e+01
   4.0000000e+01
   4.1000000e+01
   4.3000000e+01
   4.5000000e+01
   5.3000000e+01
   5.5000000e+01
   5.6000000e+01
   6.5000000e+01
   6.8000000e+01
   7.0000000e+01
   7.1000000e+01
   7.6000000e+01
   7.7000000e+01
   7.8000000e+01
   8.0000000e+01
   8.3000000e+01
   8.5000000e+01
   8.7000000e+01
   8.8000000e+01
   9.0000000e+01
   9.1000000e+01
   9.3000000e+01
