   3.0000000e+00
   1.2000000e+01
   1.5000000e+01
   1.8000000e+01
   2.6000000e+01
   2.9000000e+01
   3.1000000e+01
   3.2000000e+01
   3.6000000e+01
   3.9000000e+01
   4.1000000e+01
   4.3000000e+01
   4.5000000e+01
   4.9000000e+01
   5.2000000e+01
   5.4000000e+01
   5.6000000e+01
   6.0000000e+01
   6.3000000e+01
   6.6000000e+01
   6.8000000e+01
   7.1000000e+01
   7.5000000e+01
   7.9000000e+01
   8.0000000e+01
   8.2000000e+01
   8.5000000e+01
   8.6000000e+01
   9.2000000e+01
   9.3000000e+01
   9.5000000e+01
   9.6000000e+01
