   9.0000000e+00
   1.1000000e+01
   1.3000000e+01
   2.2000000e+01
   2.5000000e+01
   2.9000000e+01
   3.2000000e+01
   3.5000000e+01
   3.7000000e+01
   3.8000000e+01
   3.9000000e+01
   4.1000000e+01
   4.2000000e+01
   4.3000000e+01
   4.5000000e+01
   4.8000000e+01
   5.0000000e+01
   5.1000000e+01
   5.3000000e+01
   6.1000000e+01
   6.3000000e+01
   6.5000000e+01
   6.7000000e+01
   6.8000000e+01
   7.6000000e+01
   7.9000000e+01
   8.1000000e+01
   8.3000000e+01
   8.6000000e+01
   8.7000000e+01
   8.9000000e+01
   9.0000000e+01
   9.5000000e+01
   9.6000000e+01
   9.9000000e+01
