   1.0000000e+00
   2.0000000e+00
   6.0000000e+00
   7.0000000e+00
   9.0000000e+00
   1.2000000e+01
   1.3000000e+01
   2.0000000e+01
   2.2000000e+01
   2.8000000e+01
   3.5000000e+01
   4.5000000e+01
   4.6000000e+01
   4.9000000e+01
   5.3000000e+01
   5.4000000e+01
   5.9000000e+01
   6.0000000e+01
   6.4000000e+01
   7.3000000e+01
   7.6000000e+01
   7.7000000e+01
   7.9000000e+01
   8.1000000e+01
   8.3000000e+01
   8.4000000e+01
   8.5000000e+01
   8.6000000e+01
   8.8000000e+01
   8.9000000e+01
   9.1000000e+01
   9.2000000e+01
   9.4000000e+01
   9.5000000e+01
   9.8000000e+01
