   3.0000000e+00
   6.0000000e+00
   9.0000000e+00
   1.1000000e+01
   1.4000000e+01
   1.8000000e+01
   2.1000000e+01
   2.7000000e+01
   3.0000000e+01
   3.2000000e+01
   3.6000000e+01
   4.5000000e+01
   4.8000000e+01
   5.0000000e+01
   5.4000000e+01
   5.7000000e+01
   6.3000000e+01
   6.6000000e+01
   6.9000000e+01
   7.5000000e+01
   7.6000000e+01
   7.8000000e+01
   8.2000000e+01
   8.3000000e+01
   8.6000000e+01
   8.7000000e+01
   8.9000000e+01
   9.2000000e+01
   9.8000000e+01
   9.9000000e+01
   1.0000000e+02
