   1.0000000e+00
   2.0000000e+00
   4.0000000e+00
   1.2000000e+01
   1.5000000e+01
   1.6000000e+01
   2.1000000e+01
   2.3000000e+01
   3.0000000e+01
   3.2000000e+01
   3.5000000e+01
   3.8000000e+01
   3.9000000e+01
   4.0000000e+01
   4.1000000e+01
   4.3000000e+01
   4.7000000e+01
   5.3000000e+01
   5.7000000e+01
   6.0000000e+01
   6.2000000e+01
   6.4000000e+01
   6.7000000e+01
   6.8000000e+01
   7.5000000e+01
   7.6000000e+01
   7.7000000e+01
   7.8000000e+01
   8.0000000e+01
   8.2000000e+01
   8.8000000e+01
   9.0000000e+01
   9.9000000e+01
