   8.0000000e+00
   1.0000000e+01
   1.1000000e+01
   1.3000000e+01
   1.5000000e+01
   1.7000000e+01
   2.0000000e+01
   2.7000000e+01
   2.8000000e+01
   2.9000000e+01
   3.0000000e+01
   3.1000000e+01
   3.5000000e+01
   3.9000000e+01
   4.1000000e+01
   4.2000000e+01
   4.3000000e+01
   4.7000000e+01
   5.0000000e+01
   5.4000000e+01
   5.5000000e+01
   5.8000000e+01
   6.1000000e+01
   6.2000000e+01
   6.6000000e+01
   6.7000000e+01
   6.8000000e+01
   6.9000000e+01
   7.0000000e+01
   7.1000000e+01
   8.3000000e+01
   8.5000000e+01
   9.2000000e+01
   9.8000000e+01
