   1.5000000e+01
   1.7000000e+01
   2.7000000e+01
   2.8000000e+01
   2.9000000e+01
   3.0000000e+01
   3.1000000e+01
   3.2000000e+01
   3.8000000e+01
   4.0000000e+01
   4.5000000e+01
   4.6000000e+01
   4.8000000e+01
   4.9000000e+01
   5.2000000e+01
   5.5000000e+01
   5.6000000e+01
   6.1000000e+01
   6.3000000e+01
   6.4000000e+01
   6.5000000e+01
   6.7000000e+01
   7.1000000e+01
   7.2000000e+01
   7.6000000e+01
   7.7000000e+01
   7.8000000e+01
   7.9000000e+01
   8.3000000e+01
   9.0000000e+01
   9.1000000e+01
