   8.0000000e+00
   9.0000000e+00
   1.0000000e+01
   1.6000000e+01
   1.8000000e+01
   2.0000000e+01
   2.1000000e+01
   2.2000000e+01
   3.3000000e+01
   3.5000000e+01
   3.7000000e+01
   3.8000000e+01
   4.1000000e+01
   4.3000000e+01
   4.4000000e+01
   4.5000000e+01
   4.8000000e+01
   4.9000000e+01
   5.0000000e+01
   5.1000000e+01
   5.2000000e+01
   5.4000000e+01
   5.8000000e+01
   6.0000000e+01
   6.1000000e+01
   6.3000000e+01
   6.7000000e+01
   6.9000000e+01
   7.2000000e+01
   7.5000000e+01
   7.7000000e+01
   8.7000000e+01
   9.0000000e+01
