   2.0000000e+00
   3.0000000e+00
   4.0000000e+00
   6.0000000e+00
   1.0000000e+01
   1.1000000e+01
   1.3000000e+01
   1.5000000e+01
   2.0000000e+01
   2.3000000e+01
   2.7000000e+01
   3.2000000e+01
   3.3000000e+01
   4.3000000e+01
   5.2000000e+01
   5.3000000e+01
   6.2000000e+01
   6.4000000e+01
   6.5000000e+01
   6.8000000e+01
   6.9000000e+01
   7.0000000e+01
   7.8000000e+01
   7.9000000e+01
   8.0000000e+01
   8.1000000e+01
   8.4000000e+01
   8.5000000e+01
   8.9000000e+01
   9.1000000e+01
   9.3000000e+01
   9.4000000e+01
   9.5000000e+01
   9.6000000e+01
   9.7000000e+01
   9.9000000e+01
   1.0000000e+02
