   1.1000000e+01
   1.4000000e+01
   2.1000000e+01
   2.3000000e+01
   2.4000000e+01
   2.5000000e+01
   2.8000000e+01
   3.4000000e+01
   3.6000000e+01
   3.8000000e+01
   4.4000000e+01
   4.6000000e+01
   4.9000000e+01
   5.0000000e+01
   5.1000000e+01
   5.3000000e+01
   5.8000000e+01
   5.9000000e+01
   6.0000000e+01
   6.2000000e+01
   6.4000000e+01
   6.5000000e+01
   6.6000000e+01
   6.9000000e+01
   7.2000000e+01
   7.4000000e+01
   7.5000000e+01
   8.1000000e+01
   8.5000000e+01
   8.6000000e+01
   8.7000000e+01
   8.9000000e+01
   9.5000000e+01
   9.7000000e+01
   9.8000000e+01
