   2.0000000e+00
   9.0000000e+00
   1.2000000e+01
   1.6000000e+01
   2.1000000e+01
   2.2000000e+01
   2.3000000e+01
   2.6000000e+01
   2.9000000e+01
   3.1000000e+01
   3.2000000e+01
   3.4000000e+01
   3.6000000e+01
   3.7000000e+01
   3.8000000e+01
   3.9000000e+01
   4.0000000e+01
   4.1000000e+01
   4.4000000e+01
   4.6000000e+01
   5.0000000e+01
   5.1000000e+01
   5.3000000e+01
   5.4000000e+01
   5.5000000e+01
   5.6000000e+01
   6.0000000e+01
   6.2000000e+01
   6.5000000e+01
   6.8000000e+01
   7.2000000e+01
   7.4000000e+01
   7.7000000e+01
   8.8000000e+01
   8.9000000e+01
   9.1000000e+01
   9.2000000e+01
   1.0000000e+02
