   2.0000000e+00
   1.5000000e+01
   2.1000000e+01
   2.5000000e+01
   2.6000000e+01
   2.9000000e+01
   3.0000000e+01
   3.5000000e+01
   3.9000000e+01
   4.1000000e+01
   4.2000000e+01
   4.3000000e+01
   4.5000000e+01
   4.8000000e+01
   5.2000000e+01
   5.4000000e+01
   5.6000000e+01
   6.0000000e+01
   6.3000000e+01
   6.5000000e+01
   6.7000000e+01
   6.9000000e+01
   7.0000000e+01
   7.2000000e+01
   7.8000000e+01
   7.9000000e+01
   8.0000000e+01
   8.2000000e+01
   9.3000000e+01
   9.8000000e+01
