   4.0000000e+00
   6.0000000e+00
   8.0000000e+00
   9.0000000e+00
   1.4000000e+01
   1.5000000e+01
   1.7000000e+01
   1.8000000e+01
   2.0000000e+01
   2.7000000e+01
   2.9000000e+01
   3.1000000e+01
   3.2000000e+01
   3.4000000e+01
   3.9000000e+01
   4.0000000e+01
   4.2000000e+01
   4.3000000e+01
   4.4000000e+01
   4.7000000e+01
   4.8000000e+01
   5.2000000e+01
   5.3000000e+01
   5.5000000e+01
   5.7000000e+01
   6.1000000e+01
   6.3000000e+01
   6.4000000e+01
   6.7000000e+01
   6.8000000e+01
   6.9000000e+01
   7.2000000e+01
   7.3000000e+01
   7.6000000e+01
   7.7000000e+01
   8.0000000e+01
   8.5000000e+01
   8.6000000e+01
   8.7000000e+01
   8.8000000e+01
   9.7000000e+01
   9.9000000e+01
