   5.0000000e+00
   9.0000000e+00
   1.0000000e+01
   1.1000000e+01
   1.3000000e+01
   1.4000000e+01
   2.6000000e+01
   2.7000000e+01
   2.8000000e+01
   3.5000000e+01
   3.7000000e+01
   3.9000000e+01
   4.0000000e+01
   4.3000000e+01
   4.8000000e+01
   5.0000000e+01
   5.1000000e+01
   5.7000000e+01
   5.9000000e+01
   6.0000000e+01
   6.1000000e+01
   6.3000000e+01
   6.6000000e+01
   6.7000000e+01
   6.9000000e+01
   7.0000000e+01
   7.4000000e+01
   7.7000000e+01
   8.9000000e+01
   9.9000000e+01
   1.0000000e+02
