   1.0000000e+00
   2.0000000e+00
   3.0000000e+00
   6.0000000e+00
   7.0000000e+00
   9.0000000e+00
   1.0000000e+01
   1.1000000e+01
   1.2000000e+01
   2.3000000e+01
   2.4000000e+01
   2.6000000e+01
   2.7000000e+01
   3.3000000e+01
   3.4000000e+01
   4.0000000e+01
   4.3000000e+01
   4.5000000e+01
   6.0000000e+01
   6.1000000e+01
   6.5000000e+01
   6.8000000e+01
   6.9000000e+01
   7.0000000e+01
   7.5000000e+01
   7.6000000e+01
   7.7000000e+01
   7.8000000e+01
   7.9000000e+01
   8.2000000e+01
   8.3000000e+01
   8.8000000e+01
   9.0000000e+01
   9.1000000e+01
   9.2000000e+01
   1.0000000e+02
