   4.0000000e+00
   7.0000000e+00
   8.0000000e+00
   1.6000000e+01
   1.8000000e+01
   2.4000000e+01
   2.5000000e+01
   2.9000000e+01
   3.3000000e+01
   3.7000000e+01
   3.8000000e+01
   4.2000000e+01
   4.4000000e+01
   5.2000000e+01
   5.5000000e+01
   5.7000000e+01
   6.6000000e+01
   6.7000000e+01
   6.8000000e+01
   7.4000000e+01
   7.6000000e+01
   7.9000000e+01
   8.0000000e+01
   8.4000000e+01
   8.6000000e+01
   8.8000000e+01
   8.9000000e+01
   9.0000000e+01
   9.9000000e+01
   1.0000000e+02
