   3.0000000e+00
   5.0000000e+00
   9.0000000e+00
   1.1000000e+01
   1.3000000e+01
   2.0000000e+01
   2.2000000e+01
   2.6000000e+01
   2.7000000e+01
   2.8000000e+01
   3.7000000e+01
   3.9000000e+01
   4.0000000e+01
   4.1000000e+01
   4.2000000e+01
   4.7000000e+01
   4.9000000e+01
   5.0000000e+01
   5.6000000e+01
   6.6000000e+01
   6.8000000e+01
   7.0000000e+01
   7.5000000e+01
   7.8000000e+01
   7.9000000e+01
   8.0000000e+01
   8.4000000e+01
   8.7000000e+01
   8.9000000e+01
   9.1000000e+01
