   1.4000000e+01
   3.2000000e+01
   3.4000000e+01
   3.5000000e+01
   3.6000000e+01
   3.7000000e+01
   3.8000000e+01
   4.3000000e+01
   4.4000000e+01
   4.5000000e+01
   4.6000000e+01
   4.7000000e+01
   4.8000000e+01
   4.9000000e+01
   5.1000000e+01
   5.3000000e+01
   5.4000000e+01
   5.6000000e+01
   5.7000000e+01
   5.8000000e+01
   5.9000000e+01
   6.2000000e+01
   6.4000000e+01
   6.5000000e+01
   6.9000000e+01
   7.2000000e+01
   7.3000000e+01
   7.4000000e+01
   8.3000000e+01
   8.4000000e+01
   9.0000000e+01
   9.6000000e+01
