   3.0000000e+00
   4.0000000e+00
   8.0000000e+00
   9.0000000e+00
   1.3000000e+01
   1.4000000e+01
   1.8000000e+01
   2.0000000e+01
   2.3000000e+01
   2.4000000e+01
   2.6000000e+01
   2.7000000e+01
   2.9000000e+01
   3.0000000e+01
   3.2000000e+01
   3.7000000e+01
   3.9000000e+01
   4.2000000e+01
   4.3000000e+01
   4.5000000e+01
   4.6000000e+01
   4.7000000e+01
   4.9000000e+01
   5.1000000e+01
   5.4000000e+01
   6.2000000e+01
   6.4000000e+01
   6.5000000e+01
   8.0000000e+01
   8.1000000e+01
   8.5000000e+01
   9.4000000e+01
   9.6000000e+01
   9.8000000e+01
   9.9000000e+01
