   1.0000000e+00
   2.0000000e+00
   5.0000000e+00
   1.1000000e+01
   1.3000000e+01
   1.4000000e+01
   1.5000000e+01
   1.7000000e+01
   2.0000000e+01
   2.2000000e+01
   2.7000000e+01
   2.8000000e+01
   3.0000000e+01
   3.1000000e+01
   3.8000000e+01
   4.7000000e+01
   4.8000000e+01
   5.2000000e+01
   5.9000000e+01
   6.0000000e+01
   6.3000000e+01
   6.8000000e+01
   6.9000000e+01
   7.0000000e+01
   7.1000000e+01
   7.2000000e+01
   8.2000000e+01
   8.3000000e+01
   9.0000000e+01
   9.5000000e+01
   9.7000000e+01
