   9.0000000e+00
   1.0000000e+01
   1.1000000e+01
   1.3000000e+01
   1.6000000e+01
   1.7000000e+01
   2.4000000e+01
   2.5000000e+01
   2.6000000e+01
   2.7000000e+01
   2.8000000e+01
   3.0000000e+01
   3.4000000e+01
   3.7000000e+01
   3.8000000e+01
   4.0000000e+01
   4.7000000e+01
   4.8000000e+01
   4.9000000e+01
   5.0000000e+01
   5.1000000e+01
   5.3000000e+01
   5.4000000e+01
   5.6000000e+01
   5.8000000e+01
   6.3000000e+01
   6.7000000e+01
   7.6000000e+01
   7.7000000e+01
   7.8000000e+01
   9.1000000e+01
   9.2000000e+01
   9.3000000e+01
