   1.0000000e+00
   2.0000000e+00
   4.0000000e+00
   5.0000000e+00
   1.4000000e+01
   1.7000000e+01
   2.1000000e+01
   2.3000000e+01
   2.5000000e+01
   2.6000000e+01
   2.8000000e+01
   3.0000000e+01
   3.2000000e+01
   3.6000000e+01
   3.7000000e+01
   3.9000000e+01
   4.0000000e+01
   4.2000000e+01
   4.3000000e+01
   4.5000000e+01
   4.6000000e+01
   4.8000000e+01
   5.3000000e+01
   5.4000000e+01
   5.7000000e+01
   5.9000000e+01
   6.6000000e+01
   6.7000000e+01
   6.9000000e+01
   7.1000000e+01
   7.4000000e+01
   7.9000000e+01
   8.0000000e+01
   8.4000000e+01
   9.2000000e+01
   9.5000000e+01
   9.7000000e+01
   9.9000000e+01
