   2.0000000e+00
   3.0000000e+00
   4.0000000e+00
   5.0000000e+00
   1.1000000e+01
   1.4000000e+01
   1.8000000e+01
   1.9000000e+01
   2.0000000e+01
   2.5000000e+01
   2.7000000e+01
   3.1000000e+01
   3.2000000e+01
   3.3000000e+01
   3.8000000e+01
   4.1000000e+01
   4.2000000e+01
   4.3000000e+01
   7.0000000e+01
   7.1000000e+01
   7.3000000e+01
   7.4000000e+01
   7.9000000e+01
   8.1000000e+01
   8.2000000e+01
   8.4000000e+01
   8.6000000e+01
   9.3000000e+01
   9.4000000e+01
   9.5000000e+01
   9.6000000e+01
   9.8000000e+01
   9.9000000e+01
