   7.0000000e+00
   9.0000000e+00
   1.0000000e+01
   1.2000000e+01
   1.4000000e+01
   2.0000000e+01
   2.4000000e+01
   3.0000000e+01
   3.2000000e+01
   3.3000000e+01
   3.5000000e+01
   3.7000000e+01
   3.8000000e+01
   4.0000000e+01
   4.2000000e+01
   4.7000000e+01
   4.8000000e+01
   5.0000000e+01
   5.2000000e+01
   5.3000000e+01
   5.9000000e+01
   6.4000000e+01
   6.6000000e+01
   6.8000000e+01
   7.3000000e+01
   8.4000000e+01
   8.5000000e+01
   8.8000000e+01
   9.3000000e+01
   9.4000000e+01
   9.5000000e+01
   9.6000000e+01
