   1.1000000e+01
   1.3000000e+01
   3.7000000e+01
   3.8000000e+01
   3.9000000e+01
   4.0000000e+01
   4.3000000e+01
   4.4000000e+01
   4.5000000e+01
   4.6000000e+01
   4.7000000e+01
   4.8000000e+01
   4.9000000e+01
   5.3000000e+01
   5.4000000e+01
   5.5000000e+01
   5.7000000e+01
   5.9000000e+01
   6.0000000e+01
   6.1000000e+01
   6.3000000e+01
   6.8000000e+01
   7.2000000e+01
   7.3000000e+01
   7.4000000e+01
   7.5000000e+01
   7.7000000e+01
   7.9000000e+01
   8.0000000e+01
   8.1000000e+01
   8.6000000e+01
   8.7000000e+01
   8.8000000e+01
   1.0000000e+02
