   1.0000000e+00
   3.0000000e+00
   2.7000000e+01
   2.8000000e+01
   3.0000000e+01
   3.8000000e+01
   5.1000000e+01
   5.3000000e+01
   5.4000000e+01
   5.5000000e+01
   5.6000000e+01
   5.7000000e+01
   5.9000000e+01
   6.0000000e+01
   6.3000000e+01
   6.5000000e+01
   6.6000000e+01
   6.7000000e+01
   6.8000000e+01
   6.9000000e+01
   7.1000000e+01
   7.4000000e+01
   7.5000000e+01
   7.6000000e+01
   7.7000000e+01
   7.8000000e+01
   8.1000000e+01
   8.3000000e+01
   8.8000000e+01
   9.0000000e+01
   9.3000000e+01
   9.4000000e+01
   9.9000000e+01
