   2.0000000e+00
   3.0000000e+00
   4.0000000e+00
   1.5000000e+01
   1.6000000e+01
   1.8000000e+01
   2.3000000e+01
   2.4000000e+01
   2.5000000e+01
   2.6000000e+01
   2.9000000e+01
   3.0000000e+01
   3.4000000e+01
   3.6000000e+01
   4.0000000e+01
   4.2000000e+01
   4.3000000e+01
   4.5000000e+01
   4.6000000e+01
   4.7000000e+01
   4.8000000e+01
   5.2000000e+01
   5.7000000e+01
   5.9000000e+01
   6.0000000e+01
   6.3000000e+01
   6.5000000e+01
   6.6000000e+01
   7.4000000e+01
   7.5000000e+01
   8.4000000e+01
   8.5000000e+01
   9.9000000e+01
