   8.0000000e+00
   9.0000000e+00
   1.1000000e+01
   1.6000000e+01
   1.9000000e+01
   2.4000000e+01
   2.6000000e+01
   2.8000000e+01
   3.5000000e+01
   3.7000000e+01
   4.1000000e+01
   4.7000000e+01
   5.5000000e+01
   6.0000000e+01
   6.2000000e+01
   6.3000000e+01
   6.4000000e+01
   6.5000000e+01
   6.7000000e+01
   7.1000000e+01
   7.3000000e+01
   7.4000000e+01
   7.6000000e+01
   7.7000000e+01
   7.8000000e+01
   7.9000000e+01
   8.0000000e+01
   8.7000000e+01
   8.9000000e+01
   9.1000000e+01
