   1.0000000e+00
   2.0000000e+00
   1.3000000e+01
   2.3000000e+01
   2.7000000e+01
   3.0000000e+01
   3.2000000e+01
   3.3000000e+01
   3.7000000e+01
   3.8000000e+01
   4.0000000e+01
   4.2000000e+01
   4.3000000e+01
   4.7000000e+01
   4.8000000e+01
   5.0000000e+01
   5.1000000e+01
   5.2000000e+01
   5.5000000e+01
   5.6000000e+01
   6.2000000e+01
   6.4000000e+01
   6.8000000e+01
   7.6000000e+01
   7.7000000e+01
   7.8000000e+01
   8.5000000e+01
   8.7000000e+01
   9.1000000e+01
   9.4000000e+01
   1.0000000e+02
