   1.1000000e+01
   1.2000000e+01
   1.7000000e+01
   1.8000000e+01
   1.9000000e+01
   2.0000000e+01
   2.3000000e+01
   2.8000000e+01
   3.0000000e+01
   3.3000000e+01
   3.8000000e+01
   4.1000000e+01
   4.2000000e+01
   4.3000000e+01
   4.5000000e+01
   4.7000000e+01
   4.8000000e+01
   5.1000000e+01
   5.3000000e+01
   5.7000000e+01
   6.2000000e+01
   6.5000000e+01
   7.0000000e+01
   7.4000000e+01
   7.6000000e+01
   8.2000000e+01
   8.5000000e+01
   9.0000000e+01
   9.1000000e+01
   9.3000000e+01
