   1.0000000e+00
   1.2000000e+01
   1.4000000e+01
   2.3000000e+01
   2.4000000e+01
   2.6000000e+01
   2.7000000e+01
   3.6000000e+01
   3.7000000e+01
   3.8000000e+01
   4.0000000e+01
   4.2000000e+01
   4.4000000e+01
   4.7000000e+01
   4.9000000e+01
   5.0000000e+01
   5.3000000e+01
   5.4000000e+01
   5.7000000e+01
   5.9000000e+01
   6.3000000e+01
   6.5000000e+01
   6.7000000e+01
   6.8000000e+01
   6.9000000e+01
   7.1000000e+01
   7.8000000e+01
   7.9000000e+01
   8.2000000e+01
   8.4000000e+01
   9.0000000e+01
   9.1000000e+01
   9.5000000e+01
   9.6000000e+01
   9.7000000e+01
   9.8000000e+01
