   1.0000000e+00
   2.0000000e+00
   3.0000000e+00
   6.0000000e+00
   7.0000000e+00
   8.0000000e+00
   1.1000000e+01
   1.2000000e+01
   1.5000000e+01
   1.7000000e+01
   1.8000000e+01
   2.4000000e+01
   2.5000000e+01
   2.8000000e+01
   3.0000000e+01
   3.6000000e+01
   4.5000000e+01
   5.0000000e+01
   5.5000000e+01
   5.8000000e+01
   6.0000000e+01
   6.6000000e+01
   6.8000000e+01
   7.0000000e+01
   7.6000000e+01
   7.8000000e+01
   7.9000000e+01
   8.0000000e+01
   8.3000000e+01
   8.8000000e+01
   8.9000000e+01
   9.2000000e+01
