   1.0000000e+00
   2.0000000e+00
   3.0000000e+00
   1.2000000e+01
   1.3000000e+01
   1.6000000e+01
   2.1000000e+01
   2.3000000e+01
   2.5000000e+01
   2.6000000e+01
   2.9000000e+01
   3.0000000e+01
   3.4000000e+01
   3.5000000e+01
   3.7000000e+01
   3.9000000e+01
   4.4000000e+01
   4.8000000e+01
   5.3000000e+01
   5.5000000e+01
   5.7000000e+01
   6.0000000e+01
   6.2000000e+01
   6.5000000e+01
   6.6000000e+01
   6.7000000e+01
   7.2000000e+01
   7.4000000e+01
   7.6000000e+01
   7.7000000e+01
   7.8000000e+01
   7.9000000e+01
   8.3000000e+01
   8.4000000e+01
   8.5000000e+01
   8.6000000e+01
   8.7000000e+01
   8.8000000e+01
   8.9000000e+01
   9.0000000e+01
   9.1000000e+01
   9.9000000e+01
