   1.0000000e+00
   3.0000000e+00
   4.0000000e+00
   1.2000000e+01
   1.3000000e+01
   1.5000000e+01
   2.0000000e+01
   2.1000000e+01
   2.3000000e+01
   2.4000000e+01
   2.8000000e+01
   4.5000000e+01
   5.0000000e+01
   5.2000000e+01
   6.5000000e+01
   6.6000000e+01
   6.8000000e+01
   7.0000000e+01
   7.3000000e+01
   7.4000000e+01
   7.6000000e+01
   7.7000000e+01
   7.8000000e+01
   7.9000000e+01
   8.7000000e+01
   8.9000000e+01
   9.0000000e+01
   9.3000000e+01
   9.5000000e+01
   9.7000000e+01
   9.8000000e+01
   1.0000000e+02
