   7.0000000e+00
   9.0000000e+00
   1.0000000e+01
   2.2000000e+01
   2.3000000e+01
   2.5000000e+01
   2.8000000e+01
   3.5000000e+01
   3.6000000e+01
   3.8000000e+01
   4.2000000e+01
   4.5000000e+01
   4.9000000e+01
   5.2000000e+01
   5.3000000e+01
   5.4000000e+01
   5.5000000e+01
   6.4000000e+01
   6.5000000e+01
   6.8000000e+01
   6.9000000e+01
   7.1000000e+01
   7.4000000e+01
   7.7000000e+01
   8.1000000e+01
   8.2000000e+01
   8.3000000e+01
   9.3000000e+01
   9.6000000e+01
   1.0000000e+02
