   1.0000000e+00
   7.0000000e+00
   1.0000000e+01
   1.4000000e+01
   1.5000000e+01
   2.0000000e+01
   2.1000000e+01
   2.6000000e+01
   3.5000000e+01
   3.6000000e+01
   4.6000000e+01
   4.7000000e+01
   5.1000000e+01
   6.0000000e+01
   6.2000000e+01
   6.3000000e+01
   6.4000000e+01
   6.5000000e+01
   6.7000000e+01
   6.8000000e+01
   6.9000000e+01
   7.0000000e+01
   7.8000000e+01
   7.9000000e+01
   8.1000000e+01
   8.2000000e+01
   9.0000000e+01
   9.2000000e+01
   9.3000000e+01
   9.4000000e+01
   9.6000000e+01
