   3.0000000e+00
   1.0000000e+01
   1.1000000e+01
   1.4000000e+01
   1.8000000e+01
   2.1000000e+01
   2.2000000e+01
   2.3000000e+01
   2.5000000e+01
   2.6000000e+01
   2.7000000e+01
   3.5000000e+01
   5.2000000e+01
   5.3000000e+01
   5.4000000e+01
   6.2000000e+01
   6.6000000e+01
   7.0000000e+01
   7.4000000e+01
   7.5000000e+01
   7.6000000e+01
   7.7000000e+01
   7.9000000e+01
   8.0000000e+01
   8.1000000e+01
   8.4000000e+01
   8.5000000e+01
   8.6000000e+01
   8.7000000e+01
   8.8000000e+01
   9.7000000e+01
   9.8000000e+01
   9.9000000e+01
