   9.0000000e+00
   1.9000000e+01
   2.1000000e+01
   2.2000000e+01
   2.6000000e+01
   2.8000000e+01
   3.3000000e+01
   3.7000000e+01
   3.8000000e+01
   3.9000000e+01
   4.1000000e+01
   4.2000000e+01
   4.3000000e+01
   5.1000000e+01
   5.2000000e+01
   5.3000000e+01
   5.6000000e+01
   5.7000000e+01
   6.5000000e+01
   6.6000000e+01
   7.2000000e+01
   7.4000000e+01
   7.7000000e+01
   7.8000000e+01
   7.9000000e+01
   8.0000000e+01
   8.1000000e+01
   8.2000000e+01
   8.3000000e+01
   8.4000000e+01
   8.9000000e+01
   9.0000000e+01
   9.1000000e+01
   9.8000000e+01
