   3.0000000e+00
   4.0000000e+00
   5.0000000e+00
   6.0000000e+00
   7.0000000e+00
   9.0000000e+00
   1.1000000e+01
   1.6000000e+01
   1.7000000e+01
   2.5000000e+01
   2.6000000e+01
   2.7000000e+01
   2.8000000e+01
   3.0000000e+01
   3.2000000e+01
   3.6000000e+01
   3.7000000e+01
   3.8000000e+01
   3.9000000e+01
   4.0000000e+01
   4.1000000e+01
   4.2000000e+01
   4.4000000e+01
   4.6000000e+01
   5.1000000e+01
   5.2000000e+01
   5.4000000e+01
   5.6000000e+01
   6.0000000e+01
   6.1000000e+01
   6.2000000e+01
   6.3000000e+01
   6.4000000e+01
   6.6000000e+01
   6.7000000e+01
   6.8000000e+01
   7.3000000e+01
   7.4000000e+01
   7.8000000e+01
   8.0000000e+01
   8.4000000e+01
   8.5000000e+01
   8.7000000e+01
   9.7000000e+01
