   2.0000000e+00
   5.0000000e+00
   7.0000000e+00
   8.0000000e+00
   1.4000000e+01
   1.6000000e+01
   1.7000000e+01
   1.8000000e+01
   2.0000000e+01
   2.1000000e+01
   2.3000000e+01
   3.3000000e+01
   3.6000000e+01
   3.8000000e+01
   4.3000000e+01
   4.6000000e+01
   4.8000000e+01
   5.0000000e+01
   5.1000000e+01
   5.8000000e+01
   6.0000000e+01
   6.2000000e+01
   6.3000000e+01
   6.4000000e+01
   7.5000000e+01
   7.6000000e+01
   8.3000000e+01
   8.4000000e+01
   8.5000000e+01
   8.6000000e+01
   8.8000000e+01
   9.6000000e+01
   9.9000000e+01
