   1.0000000e+00
   3.0000000e+00
   1.2000000e+01
   1.3000000e+01
   2.3000000e+01
   2.7000000e+01
   3.1000000e+01
   3.3000000e+01
   3.7000000e+01
   3.8000000e+01
   3.9000000e+01
   4.3000000e+01
   4.4000000e+01
   4.5000000e+01
   4.7000000e+01
   5.0000000e+01
   5.2000000e+01
   5.3000000e+01
   5.4000000e+01
   5.7000000e+01
   6.0000000e+01
   6.3000000e+01
   6.6000000e+01
   7.2000000e+01
   7.4000000e+01
   7.7000000e+01
   7.9000000e+01
   8.2000000e+01
   8.7000000e+01
   9.0000000e+01
   1.0000000e+02
