   5.0000000e+00
   1.4000000e+01
   1.6000000e+01
   1.7000000e+01
   1.9000000e+01
   2.1000000e+01
   2.4000000e+01
   2.6000000e+01
   2.9000000e+01
   3.0000000e+01
   3.1000000e+01
   3.5000000e+01
   3.7000000e+01
   3.8000000e+01
   3.9000000e+01
   4.2000000e+01
   4.3000000e+01
   4.6000000e+01
   4.9000000e+01
   5.2000000e+01
   5.5000000e+01
   5.8000000e+01
   6.1000000e+01
   6.5000000e+01
   6.6000000e+01
   6.9000000e+01
   7.1000000e+01
   7.3000000e+01
   7.8000000e+01
   8.3000000e+01
   9.4000000e+01
