   3.0000000e+00
   4.0000000e+00
   5.0000000e+00
   1.3000000e+01
   2.4000000e+01
   2.6000000e+01
   2.9000000e+01
   3.0000000e+01
   3.5000000e+01
   3.6000000e+01
   3.8000000e+01
   3.9000000e+01
   4.4000000e+01
   4.5000000e+01
   4.7000000e+01
   5.0000000e+01
   5.3000000e+01
   5.4000000e+01
   5.6000000e+01
   5.9000000e+01
   6.1000000e+01
   6.2000000e+01
   6.3000000e+01
   6.7000000e+01
   7.4000000e+01
   7.7000000e+01
   7.8000000e+01
   7.9000000e+01
   8.1000000e+01
   8.2000000e+01
   8.3000000e+01
   8.4000000e+01
   9.0000000e+01
   9.1000000e+01
   9.3000000e+01
   9.4000000e+01
   9.5000000e+01
   9.8000000e+01
