   4.0000000e+00
   1.2000000e+01
   1.4000000e+01
   1.6000000e+01
   1.7000000e+01
   1.8000000e+01
   2.3000000e+01
   2.4000000e+01
   2.7000000e+01
   3.0000000e+01
   3.3000000e+01
   3.6000000e+01
   4.0000000e+01
   4.4000000e+01
   4.5000000e+01
   4.7000000e+01
   5.0000000e+01
   5.3000000e+01
   5.6000000e+01
   6.1000000e+01
   6.2000000e+01
   6.6000000e+01
   6.8000000e+01
   7.5000000e+01
   7.6000000e+01
   8.4000000e+01
   8.8000000e+01
   9.1000000e+01
   9.6000000e+01
   1.0000000e+02
