   6.0000000e+00
   9.0000000e+00
   1.1000000e+01
   1.5000000e+01
   1.7000000e+01
   1.9000000e+01
   2.2000000e+01
   2.3000000e+01
   2.5000000e+01
   2.6000000e+01
   3.0000000e+01
   3.5000000e+01
   4.2000000e+01
   4.3000000e+01
   4.4000000e+01
   4.5000000e+01
   4.6000000e+01
   4.8000000e+01
   5.0000000e+01
   5.3000000e+01
   5.4000000e+01
   5.7000000e+01
   5.9000000e+01
   6.1000000e+01
   6.2000000e+01
   6.3000000e+01
   6.9000000e+01
   7.1000000e+01
   7.3000000e+01
   7.4000000e+01
   7.5000000e+01
   7.9000000e+01
   8.3000000e+01
   8.5000000e+01
   8.6000000e+01
   8.9000000e+01
   9.0000000e+01
   9.1000000e+01
   9.7000000e+01
   9.8000000e+01
