   2.0000000e+00
   5.0000000e+00
   9.0000000e+00
   1.0000000e+01
   1.1000000e+01
   1.3000000e+01
   1.5000000e+01
   1.9000000e+01
   2.1000000e+01
   2.3000000e+01
   2.7000000e+01
   3.3000000e+01
   3.4000000e+01
   3.8000000e+01
   4.0000000e+01
   4.1000000e+01
   4.2000000e+01
   4.3000000e+01
   5.4000000e+01
   5.5000000e+01
   5.7000000e+01
   6.8000000e+01
   7.0000000e+01
   7.6000000e+01
   7.7000000e+01
   7.9000000e+01
   8.1000000e+01
   8.3000000e+01
   8.8000000e+01
   9.3000000e+01
   9.4000000e+01
