   7.0000000e+00
   8.0000000e+00
   1.0000000e+01
   1.1000000e+01
   2.3000000e+01
   2.4000000e+01
   2.6000000e+01
   3.2000000e+01
   3.3000000e+01
   3.6000000e+01
   3.7000000e+01
   3.9000000e+01
   4.4000000e+01
   4.5000000e+01
   4.6000000e+01
   4.9000000e+01
   5.0000000e+01
   5.3000000e+01
   5.6000000e+01
   5.9000000e+01
   6.3000000e+01
   6.4000000e+01
   6.7000000e+01
   6.8000000e+01
   7.4000000e+01
   7.5000000e+01
   7.6000000e+01
   8.0000000e+01
   8.1000000e+01
   8.6000000e+01
   1.0000000e+02
