   8.0000000e+00
   1.7000000e+01
   1.8000000e+01
   1.9000000e+01
   2.0000000e+01
   2.8000000e+01
   3.0000000e+01
   3.1000000e+01
   3.4000000e+01
   3.8000000e+01
   4.0000000e+01
   4.1000000e+01
   4.2000000e+01
   4.4000000e+01
   4.5000000e+01
   4.6000000e+01
   5.0000000e+01
   5.4000000e+01
   5.6000000e+01
   5.8000000e+01
   6.1000000e+01
   6.8000000e+01
   6.9000000e+01
   7.0000000e+01
   7.1000000e+01
   7.4000000e+01
   7.7000000e+01
   8.2000000e+01
   8.4000000e+01
   8.6000000e+01
   9.9000000e+01
