   1.0000000e+01
   1.3000000e+01
   1.7000000e+01
   1.8000000e+01
   2.1000000e+01
   2.3000000e+01
   2.4000000e+01
   2.6000000e+01
   2.8000000e+01
   2.9000000e+01
   3.3000000e+01
   3.5000000e+01
   3.6000000e+01
   3.7000000e+01
   3.8000000e+01
   4.0000000e+01
   4.5000000e+01
   4.7000000e+01
   5.0000000e+01
   5.1000000e+01
   5.3000000e+01
   5.4000000e+01
   6.3000000e+01
   6.4000000e+01
   6.6000000e+01
   6.8000000e+01
   7.5000000e+01
   7.6000000e+01
   8.2000000e+01
   9.2000000e+01
