   3.0000000e+00
   5.0000000e+00
   6.0000000e+00
   8.0000000e+00
   1.4000000e+01
   1.6000000e+01
   1.7000000e+01
   2.0000000e+01
   2.5000000e+01
   2.7000000e+01
   3.2000000e+01
   3.3000000e+01
   3.4000000e+01
   3.7000000e+01
   3.8000000e+01
   3.9000000e+01
   4.2000000e+01
   4.7000000e+01
   4.8000000e+01
   5.1000000e+01
   5.4000000e+01
   5.6000000e+01
   6.6000000e+01
   6.7000000e+01
   7.5000000e+01
   7.7000000e+01
   8.0000000e+01
   8.1000000e+01
   8.3000000e+01
   8.4000000e+01
   9.1000000e+01
   9.2000000e+01
   9.6000000e+01
   9.8000000e+01
   9.9000000e+01
