   1.0000000e+01
   1.1000000e+01
   1.2000000e+01
   2.1000000e+01
   2.2000000e+01
   2.4000000e+01
   2.5000000e+01
   2.6000000e+01
   3.0000000e+01
   3.2000000e+01
   3.5000000e+01
   3.8000000e+01
   4.2000000e+01
   4.3000000e+01
   4.4000000e+01
   4.6000000e+01
   4.8000000e+01
   5.1000000e+01
   5.5000000e+01
   5.7000000e+01
   5.8000000e+01
   6.0000000e+01
   6.1000000e+01
   6.3000000e+01
   6.8000000e+01
   7.8000000e+01
   8.2000000e+01
   8.6000000e+01
   9.1000000e+01
   9.7000000e+01
