   3.0000000e+00
   4.0000000e+00
   5.0000000e+00
   7.0000000e+00
   9.0000000e+00
   1.5000000e+01
   1.7000000e+01
   2.0000000e+01
   2.1000000e+01
   2.7000000e+01
   2.9000000e+01
   3.3000000e+01
   3.4000000e+01
   3.8000000e+01
   3.9000000e+01
   4.0000000e+01
   4.3000000e+01
   4.5000000e+01
   4.7000000e+01
   5.0000000e+01
   5.1000000e+01
   5.4000000e+01
   5.6000000e+01
   5.9000000e+01
   6.1000000e+01
   6.7000000e+01
   6.9000000e+01
   7.0000000e+01
   7.1000000e+01
   7.3000000e+01
   7.5000000e+01
   8.4000000e+01
   9.5000000e+01
   9.7000000e+01
   1.0000000e+02
