   5.0000000e+00
   8.0000000e+00
   1.8000000e+01
   2.0000000e+01
   2.2000000e+01
   2.3000000e+01
   3.1000000e+01
   3.2000000e+01
   3.3000000e+01
   3.5000000e+01
   3.8000000e+01
   4.3000000e+01
   4.4000000e+01
   4.6000000e+01
   4.8000000e+01
   5.0000000e+01
   5.2000000e+01
   5.8000000e+01
   6.2000000e+01
   6.3000000e+01
   6.9000000e+01
   7.1000000e+01
   7.2000000e+01
   7.5000000e+01
   8.1000000e+01
   8.2000000e+01
   8.4000000e+01
   8.7000000e+01
   9.1000000e+01
   9.2000000e+01
   9.3000000e+01
   9.5000000e+01
