   1.0000000e+00
   2.0000000e+00
   7.0000000e+00
   1.1000000e+01
   1.6000000e+01
   1.8000000e+01
   2.0000000e+01
   2.1000000e+01
   2.2000000e+01
   2.4000000e+01
   2.6000000e+01
   3.3000000e+01
   4.0000000e+01
   4.2000000e+01
   4.6000000e+01
   5.0000000e+01
   6.0000000e+01
   6.4000000e+01
   7.2000000e+01
   7.4000000e+01
   7.5000000e+01
   7.8000000e+01
   7.9000000e+01
   8.0000000e+01
   8.1000000e+01
   8.2000000e+01
   8.6000000e+01
   8.7000000e+01
   8.8000000e+01
   9.1000000e+01
   9.8000000e+01
