   2.0000000e+00
   4.0000000e+00
   6.0000000e+00
   7.0000000e+00
   1.0000000e+01
   1.1000000e+01
   1.9000000e+01
   2.2000000e+01
   2.4000000e+01
   3.9000000e+01
   4.0000000e+01
   4.1000000e+01
   4.2000000e+01
   4.4000000e+01
   5.4000000e+01
   5.7000000e+01
   6.1000000e+01
   6.2000000e+01
   6.3000000e+01
   6.4000000e+01
   6.6000000e+01
   7.3000000e+01
   7.4000000e+01
   7.5000000e+01
   7.6000000e+01
   8.4000000e+01
   8.5000000e+01
   8.6000000e+01
   8.9000000e+01
   9.7000000e+01
