   1.5000000e+01
   1.6000000e+01
   1.8000000e+01
   2.0000000e+01
   2.3000000e+01
   2.4000000e+01
   3.4000000e+01
   4.0000000e+01
   4.1000000e+01
   4.2000000e+01
   4.3000000e+01
   4.6000000e+01
   5.1000000e+01
   5.3000000e+01
   5.4000000e+01
   5.8000000e+01
   6.1000000e+01
   6.3000000e+01
   6.4000000e+01
   6.5000000e+01
   6.8000000e+01
   7.0000000e+01
   7.1000000e+01
   7.2000000e+01
   7.3000000e+01
   7.4000000e+01
   7.5000000e+01
   7.6000000e+01
   7.7000000e+01
   8.5000000e+01
   8.6000000e+01
   8.7000000e+01
   8.8000000e+01
   9.1000000e+01
   9.4000000e+01
   9.5000000e+01
   9.6000000e+01
   9.9000000e+01
