   4.0000000e+00
   5.0000000e+00
   6.0000000e+00
   8.0000000e+00
   1.0000000e+01
   1.3000000e+01
   1.7000000e+01
   1.8000000e+01
   1.9000000e+01
   2.0000000e+01
   2.1000000e+01
   2.3000000e+01
   2.5000000e+01
   2.8000000e+01
   2.9000000e+01
   3.2000000e+01
   3.4000000e+01
   3.5000000e+01
   4.1000000e+01
   4.4000000e+01
   4.7000000e+01
   4.9000000e+01
   5.7000000e+01
   6.1000000e+01
   6.4000000e+01
   6.6000000e+01
   6.8000000e+01
   6.9000000e+01
   7.0000000e+01
   7.2000000e+01
   7.4000000e+01
   7.5000000e+01
   7.6000000e+01
   8.5000000e+01
   8.6000000e+01
   9.3000000e+01
   9.6000000e+01
   9.8000000e+01
   9.9000000e+01
   1.0000000e+02
