   3.0000000e+00
   8.0000000e+00
   1.5000000e+01
   1.6000000e+01
   2.0000000e+01
   2.5000000e+01
   2.6000000e+01
   2.7000000e+01
   3.0000000e+01
   3.3000000e+01
   3.8000000e+01
   3.9000000e+01
   4.0000000e+01
   4.6000000e+01
   5.3000000e+01
   5.4000000e+01
   5.7000000e+01
   5.8000000e+01
   5.9000000e+01
   6.0000000e+01
   6.2000000e+01
   6.7000000e+01
   6.8000000e+01
   6.9000000e+01
   7.0000000e+01
   8.0000000e+01
   8.2000000e+01
   8.3000000e+01
   9.1000000e+01
   9.3000000e+01
   9.4000000e+01
