   2.0000000e+00
   3.0000000e+00
   7.0000000e+00
   1.5000000e+01
   2.0000000e+01
   2.1000000e+01
   2.4000000e+01
   2.7000000e+01
   3.4000000e+01
   3.7000000e+01
   4.4000000e+01
   4.6000000e+01
   4.8000000e+01
   5.0000000e+01
   6.6000000e+01
   6.7000000e+01
   7.5000000e+01
   7.6000000e+01
   7.7000000e+01
   7.8000000e+01
   8.0000000e+01
   8.5000000e+01
   8.6000000e+01
   8.7000000e+01
   8.8000000e+01
   8.9000000e+01
   9.7000000e+01
   9.8000000e+01
   9.9000000e+01
   1.0000000e+02
