   2.0000000e+00
   4.0000000e+00
   5.0000000e+00
   6.0000000e+00
   1.3000000e+01
   1.4000000e+01
   1.5000000e+01
   1.7000000e+01
   2.4000000e+01
   2.6000000e+01
   2.7000000e+01
   2.8000000e+01
   2.9000000e+01
   3.0000000e+01
   3.3000000e+01
   3.8000000e+01
   4.0000000e+01
   4.3000000e+01
   4.5000000e+01
   4.9000000e+01
   5.0000000e+01
   5.2000000e+01
   5.3000000e+01
   5.5000000e+01
   5.6000000e+01
   5.7000000e+01
   6.2000000e+01
   6.3000000e+01
   6.5000000e+01
   6.6000000e+01
   7.1000000e+01
   8.0000000e+01
   9.0000000e+01
   9.2000000e+01
