   3.0000000e+00
   4.0000000e+00
   1.1000000e+01
   1.3000000e+01
   1.9000000e+01
   2.5000000e+01
   2.9000000e+01
   3.0000000e+01
   3.9000000e+01
   4.0000000e+01
   4.2000000e+01
   4.3000000e+01
   4.7000000e+01
   5.4000000e+01
   6.2000000e+01
   6.7000000e+01
   7.0000000e+01
   7.3000000e+01
   7.4000000e+01
   7.5000000e+01
   7.6000000e+01
   7.7000000e+01
   7.9000000e+01
   8.0000000e+01
   8.3000000e+01
   8.5000000e+01
   8.6000000e+01
   8.7000000e+01
   9.3000000e+01
   9.9000000e+01
   1.0000000e+02
