   1.2000000e+01
   1.5000000e+01
   1.6000000e+01
   1.8000000e+01
   1.9000000e+01
   2.8000000e+01
   2.9000000e+01
   3.1000000e+01
   3.2000000e+01
   3.9000000e+01
   4.0000000e+01
   4.2000000e+01
   4.3000000e+01
   4.4000000e+01
   5.1000000e+01
   5.3000000e+01
   5.5000000e+01
   5.6000000e+01
   5.9000000e+01
   6.1000000e+01
   6.6000000e+01
   7.1000000e+01
   7.2000000e+01
   7.3000000e+01
   7.4000000e+01
   7.9000000e+01
   8.3000000e+01
   8.5000000e+01
   8.8000000e+01
   9.0000000e+01
   9.6000000e+01
