   1.1000000e+01
   1.4000000e+01
   2.3000000e+01
   2.5000000e+01
   2.6000000e+01
   2.9000000e+01
   3.4000000e+01
   3.5000000e+01
   3.8000000e+01
   3.9000000e+01
   4.0000000e+01
   4.1000000e+01
   4.3000000e+01
   4.9000000e+01
   5.0000000e+01
   5.1000000e+01
   5.2000000e+01
   5.3000000e+01
   5.4000000e+01
   6.2000000e+01
   6.4000000e+01
   6.6000000e+01
   6.7000000e+01
   6.8000000e+01
   7.0000000e+01
   7.3000000e+01
   7.6000000e+01
   8.2000000e+01
   8.8000000e+01
   9.6000000e+01
   9.7000000e+01
