   1.1000000e+01
   1.4000000e+01
   1.7000000e+01
   2.4000000e+01
   2.6000000e+01
   2.7000000e+01
   3.6000000e+01
   3.7000000e+01
   3.8000000e+01
   3.9000000e+01
   4.1000000e+01
   4.5000000e+01
   4.9000000e+01
   5.2000000e+01
   5.3000000e+01
   5.5000000e+01
   5.7000000e+01
   5.8000000e+01
   6.3000000e+01
   6.7000000e+01
   6.9000000e+01
   7.4000000e+01
   7.7000000e+01
   7.9000000e+01
   8.2000000e+01
   8.3000000e+01
   8.8000000e+01
   9.0000000e+01
   9.2000000e+01
   9.3000000e+01
   1.0000000e+02
