   1.0000000e+00
   2.0000000e+00
   3.0000000e+00
   4.0000000e+00
   1.2000000e+01
   1.3000000e+01
   1.4000000e+01
   2.5000000e+01
   2.7000000e+01
   3.2000000e+01
   3.3000000e+01
   4.2000000e+01
   4.4000000e+01
   4.8000000e+01
   5.4000000e+01
   6.1000000e+01
   6.8000000e+01
   7.0000000e+01
   7.1000000e+01
   7.3000000e+01
   7.8000000e+01
   7.9000000e+01
   8.3000000e+01
   8.4000000e+01
   9.0000000e+01
   9.1000000e+01
   9.2000000e+01
   9.3000000e+01
   9.4000000e+01
   9.5000000e+01
