   1.0000000e+00
   3.0000000e+00
   1.5000000e+01
   2.4000000e+01
   2.5000000e+01
   2.6000000e+01
   2.7000000e+01
   2.8000000e+01
   3.4000000e+01
   3.5000000e+01
   3.9000000e+01
   4.2000000e+01
   4.4000000e+01
   4.7000000e+01
   4.9000000e+01
   5.1000000e+01
   5.3000000e+01
   5.5000000e+01
   6.1000000e+01
   6.2000000e+01
   6.4000000e+01
   6.6000000e+01
   7.3000000e+01
   7.4000000e+01
   7.7000000e+01
   8.4000000e+01
   8.8000000e+01
   8.9000000e+01
   9.0000000e+01
   9.8000000e+01
   1.0000000e+02
