   4.0000000e+00
   1.5000000e+01
   1.6000000e+01
   1.8000000e+01
   2.4000000e+01
   2.8000000e+01
   2.9000000e+01
   3.1000000e+01
   3.4000000e+01
   3.5000000e+01
   3.7000000e+01
   3.9000000e+01
   4.2000000e+01
   4.8000000e+01
   5.3000000e+01
   5.6000000e+01
   5.8000000e+01
   6.2000000e+01
   6.7000000e+01
   6.9000000e+01
   7.0000000e+01
   7.2000000e+01
   7.5000000e+01
   8.2000000e+01
   8.3000000e+01
   8.6000000e+01
   9.3000000e+01
   9.4000000e+01
   9.6000000e+01
   9.7000000e+01
   1.0000000e+02
