   2.0000000e+00
   4.0000000e+00
   6.0000000e+00
   7.0000000e+00
   9.0000000e+00
   1.0000000e+01
   1.1000000e+01
   1.2000000e+01
   1.7000000e+01
   1.8000000e+01
   2.2000000e+01
   2.3000000e+01
   2.9000000e+01
   3.0000000e+01
   3.2000000e+01
   4.2000000e+01
   4.3000000e+01
   5.9000000e+01
   6.0000000e+01
   6.9000000e+01
   7.1000000e+01
   7.5000000e+01
   7.6000000e+01
   7.8000000e+01
   7.9000000e+01
   8.0000000e+01
   8.2000000e+01
   8.3000000e+01
   9.0000000e+01
   9.2000000e+01
   9.4000000e+01
