   2.7000000e+01
   3.1000000e+01
   3.2000000e+01
   4.3000000e+01
   4.6000000e+01
   4.7000000e+01
   4.8000000e+01
   5.6000000e+01
   5.7000000e+01
   5.8000000e+01
   5.9000000e+01
   6.0000000e+01
   6.8000000e+01
   7.1000000e+01
   7.2000000e+01
   7.3000000e+01
   7.6000000e+01
   7.7000000e+01
   7.8000000e+01
   7.9000000e+01
   8.1000000e+01
   8.2000000e+01
   8.3000000e+01
   8.4000000e+01
   9.0000000e+01
   9.1000000e+01
   9.2000000e+01
   9.4000000e+01
   9.5000000e+01
   9.6000000e+01
