   9.9999999e-01   0.0000000e+00   1.2349501e-19   8.2969459e-92   8.5080867e-09
   9.9999994e-01   3.5070178e-69   4.9884024e-16   1.1540971e-19   6.4715541e-08
   9.9999956e-01   1.5416540e-66   3.8263974e-15   4.6618347e-16   4.3604203e-07
   9.9999711e-01   2.7184431e-66   2.5837414e-14   3.5946506e-15   2.8891572e-06
   9.9998090e-01   3.3946485e-66   1.7376768e-13   2.4267385e-14   1.9095311e-05
   9.9987384e-01   3.6020431e-66   1.3896182e-12   1.6099391e-13   1.2615894e-04
   9.9916654e-01   3.3560666e-66   3.0981586e-11   1.0893308e-12   8.3345929e-04
   9.9449387e-01   2.6396639e-66   1.9948302e-09   1.1282288e-11   5.5061251e-03
   9.6362527e-01   1.4318346e-66   1.2748279e-07   7.3599647e-10   3.6374604e-02
   7.5970532e-01  9.5465765e-182   1.6363597e-06   1.1195762e-07   2.4029294e-01
   1.5589155e-11   0.0000000e+00   2.8292640e-06   5.3142690e-07   9.9999664e-01
  2.0925881e-160   0.0000000e+00   3.1107479e-32   2.9726202e-06   9.9999703e-01
   1.9582977e-30  4.1827244e-164   1.3729875e-05   1.4531716e-06   9.9998482e-01
   5.0832178e-40   0.0000000e+00   1.5052185e-05   4.8985046e-06   9.9998005e-01
  3.2869557e-178   0.0000000e+00   6.8290933e-32   1.6220187e-05   9.9998378e-01
   3.7750107e-30  5.2181269e-163   1.5849709e-05   6.4381090e-06   9.9997771e-01
   5.4559700e-40   0.0000000e+00   1.7660752e-05   5.9836980e-06   9.9997636e-01
  5.0695798e-178   0.0000000e+00   5.7856391e-29   1.9237990e-05   9.9998076e-01
   1.8739999e-29  1.8784784e-151   2.3914209e-02   9.3319894e-06   9.7607646e-01
   2.1327343e-28   3.3411855e-64   3.9849808e-02   5.8508170e-06   9.6014434e-01
   1.0934528e-28  9.9051833e-174   2.8325278e-01   1.4624734e-05   7.1673259e-01
   1.9386164e-39   0.0000000e+00   4.1498952e-01   4.1543927e-06   5.8500632e-01
   1.5601513e-40   0.0000000e+00   5.4953735e-01   5.3199277e-06   4.5045733e-01
   4.6063495e-31  1.6098684e-152   6.8693048e-01   2.8394438e-05   3.1304112e-01
   3.4102002e-31  1.1711365e-177   7.7851588e-01   3.8291708e-05   2.2144582e-01
   1.2879491e-56  2.3838292e-121   8.3958127e-01   2.2283328e-05   1.6039645e-01
   1.6578976e-31  6.7369678e-162   8.8499977e-01   3.7925679e-05   1.1496230e-01
   3.0320974e-41   0.0000000e+00   9.1529498e-01   1.1269451e-05   8.4693748e-02
   1.3529858e-31  3.1643653e-152   9.4623042e-01   2.9468281e-05   5.3740110e-02
   4.9792887e-32  1.4818759e-152   9.6596643e-01   5.4377555e-05   3.3979192e-02
   2.5854889e-32  2.1053477e-177   9.7911293e-01   7.2707853e-05   2.0814365e-02
   2.3188862e-57  4.8233436e-120   9.8786437e-01   9.7281637e-05   1.2038344e-02
   3.7748120e-31  3.7345127e-170   9.9418720e-01   3.2817785e-04   5.4846209e-03
   5.3040098e-32  4.8075833e-177   9.9569194e-01   1.3928822e-04   4.1687718e-03
   3.9788693e-58  9.4521754e-131   9.9670923e-01   4.0135615e-05   3.2506355e-03
   8.1671136e-43   0.0000000e+00   9.9749447e-01   1.4972737e-05   2.4905585e-03
   2.3175278e-33  2.3086820e-152   9.9828053e-01   4.4326892e-05   1.6751476e-03
   1.6078402e-33  1.1342943e-177   9.9880429e-01   4.5625353e-05   1.1500844e-03
   5.1983467e-59  9.2700751e-147   9.9917067e-01   1.8617124e-05   8.1071580e-04
   3.1893449e-59  2.6587025e-121   9.9944919e-01   2.0102933e-05   5.3070938e-04
   7.3014638e-34  7.4594869e-152   9.9962602e-01   5.9492550e-05   3.1448946e-04
   7.8719957e-34  4.1790743e-151   9.9966523e-01   1.5609207e-04   1.7867529e-04
   2.9901606e-33  3.3435163e-204   9.9948357e-01   4.2855000e-04   8.7879055e-05
   1.4457719e-59  1.2000098e-130   9.9949145e-01   9.2030665e-05   4.1652280e-04
   1.0017889e-43   0.0000000e+00   9.9958493e-01   1.5742319e-05   3.9932901e-04
   1.8785321e-59  3.9964320e-121   9.9970094e-01   1.7030126e-05   2.8203159e-04
   4.9630573e-34  7.9391382e-152   9.9977016e-01   3.9096700e-05   1.9074415e-04
   3.8481817e-34  6.5762485e-152   9.9978716e-01   7.3083693e-05   1.3976077e-04
   2.2874786e-34  2.5703309e-151   9.9973316e-01   1.5645845e-04   1.1037952e-04
   1.2337851e-33  3.0581641e-190   9.9962130e-01   2.7784807e-04   1.0085524e-04
   8.2089710e-60  1.6084543e-146   9.9963847e-01   7.4204535e-05   2.8732261e-04
   1.3047892e-59  2.0785587e-121   9.9970626e-01   4.9966979e-05   2.4377208e-04
   2.0199819e-34  1.0175379e-177   9.9970924e-01   1.1573472e-04   1.7502382e-04
   7.7141085e-60  2.8816021e-121   9.9965896e-01   1.9965039e-04   1.4139150e-04
   1.9602449e-34  4.4789161e-152   9.9917900e-01   7.2680702e-04   9.4192282e-05
   1.3020496e-34  4.1464530e-152   9.9775625e-01   2.1781242e-03   6.5626343e-05
   9.4341302e-35  2.7740699e-151   9.9375192e-01   6.2036935e-03   4.4384842e-05
   9.6044792e-34  1.6543173e-170   9.8645059e-01   1.3523851e-02   2.5560155e-05
   1.1486869e-34  1.3280203e-177   9.8412954e-01   1.5693012e-02   1.7744366e-04
   4.5863312e-60  3.2888584e-147   9.7777012e-01   2.2068274e-02   1.6160264e-04
   3.2137484e-60  4.1376310e-121   9.4535957e-01   5.4557331e-02   8.3095077e-05
   3.9493536e-34  4.1816655e-180   7.8124541e-01   2.1873216e-01   2.2433189e-05
   1.3198291e-35  5.8689130e-179   7.3782054e-01   2.6211157e-01   6.7884535e-05
   3.7969791e-61  7.0008828e-122   6.5888274e-01   3.4108589e-01   3.1372115e-05
   7.2317382e-35  1.2272705e-171   2.5987961e-01   7.4011594e-01   4.4571884e-06
   2.7581381e-35  3.5980322e-181   1.3140714e-01   8.6858940e-01   3.4586565e-06
   1.1969574e-36  5.1426078e-153   9.7411235e-02   9.0257451e-01   1.4258723e-05
   6.5282514e-35  1.2629578e-179   3.5595046e-02   9.6440188e-01   3.0731998e-06
   9.8064655e-35  7.8220334e-171   1.9230279e-02   9.8076298e-01   6.7449476e-06
   1.2852878e-34  1.2054668e-164   1.3964745e-02   9.8600127e-01   3.3982850e-05
   8.8320291e-34  6.3827838e-170   1.1933211e-02   9.8802086e-01   4.5929259e-05
   1.3786500e-33  9.8995519e-171   1.1299972e-02   9.8851431e-01   1.8571842e-04
   1.6906581e-34  8.0709837e-152   1.1168364e-02   9.8746568e-01   1.3659611e-03
   1.4964631e-33  5.3969722e-151   1.1476067e-02   9.8734908e-01   1.1748486e-03
   2.2161206e-32  1.3013573e-170   1.1485160e-02   9.8796210e-01   5.5274280e-04
   1.9242209e-33  4.2119333e-151   1.1461110e-02   9.8711704e-01   1.4218480e-03
   9.8565192e-33  5.9587484e-165   1.1658962e-02   9.8712776e-01   1.2132766e-03
   1.5902212e-33  3.3500941e-177   1.2054590e-02   9.8618624e-01   1.7591714e-03
   4.9512048e-59  1.2965137e-120   1.2502855e-02   9.8650551e-01   9.9163462e-04
   9.7848799e-33  8.9948247e-179   1.0059102e-02   9.8971436e-01   2.2653516e-04
   1.0647300e-32  6.0241171e-171   9.2832877e-03   9.9053920e-01   1.7751706e-04
   5.8142396e-34  2.1999208e-152   9.0578448e-03   9.9008610e-01   8.5605620e-04
   4.4568065e-34  9.6960068e-153   8.9130412e-03   9.9031534e-01   7.7161405e-04
   4.0934001e-34  2.4699110e-152   8.2724272e-03   9.9124818e-01   4.7939194e-04
   1.7169721e-33  5.2900040e-166   6.5318046e-03   9.9322913e-01   2.3906745e-04
   3.5127710e-34  7.4936966e-152   5.8686909e-03   9.9398990e-01   1.4140442e-04
   1.6773616e-33  5.8785520e-171   3.6308950e-03   9.9633419e-01   3.4915325e-05
   1.2655289e-33  6.5739299e-172   2.8755796e-03   9.9709166e-01   3.2756766e-05
   4.9164819e-35  8.1391909e-154   2.6424471e-03   9.9722809e-01   1.2946666e-04
   8.5125590e-36  1.2818882e-153   2.0375344e-03   9.9792422e-01   3.8245713e-05
   6.7756655e-35  2.4922684e-172   7.1353395e-04   9.9928230e-01   4.1705715e-06
   4.6451472e-35  2.0199742e-172   2.5717475e-04   9.9974101e-01   1.8105668e-06
   1.3345978e-35  2.1379297e-166   1.0830259e-04   9.9988729e-01   4.4059336e-06
   2.1569385e-35  5.6396640e-172   5.2640876e-05   9.9994391e-01   3.4463509e-06
   1.4170322e-35  5.5294051e-181   3.4868665e-05   9.9995781e-01   7.3250131e-06
   2.3870282e-36  4.1630643e-153   3.4373213e-05   9.9993044e-01   3.5185331e-05
   3.9056386e-35   0.0000000e+00   4.2777106e-05   9.9994609e-01   1.1133775e-05
   5.3865502e-35  5.2464249e-166   2.7320404e-05   9.9996231e-01   1.0373970e-05
   7.0025888e-35  1.5199429e-165   2.1648554e-05   9.9996427e-01   1.4083248e-05
   1.6922160e-34  5.0453005e-172   2.4903678e-05   9.9995902e-01   1.6073210e-05
   1.3563739e-35  1.1486498e-152   3.0300019e-05   9.9989467e-01   7.5030189e-05
   2.1740173e-34  9.0362439e-167   6.5798656e-05   9.9988403e-01   5.0173496e-05
   2.1075605e-35  5.9738572e-153   8.5721789e-05   9.9986631e-01   4.7966614e-05
   1.5831123e-34  6.9827520e-166   7.5871177e-05   9.9990239e-01   2.1740405e-05
   2.0797882e-34  1.0496943e-179   6.1810203e-05   9.9992519e-01   1.3003495e-05
   1.0802246e-34  3.1796993e-166   5.7817852e-05   9.9986731e-01   7.4872133e-05
   2.5406074e-35  1.3453834e-153   9.9875314e-05   9.9975086e-01   1.4926664e-04
   1.5026660e-35  2.7811838e-153   1.9236767e-04   9.9976328e-01   4.4349808e-05
   1.5925667e-34  7.1869136e-172   1.0683899e-04   9.9988784e-01   5.3212255e-06
   1.4555067e-34  1.4468076e-179   4.6694115e-05   9.9995075e-01   2.5555105e-06
   1.7995479e-34  1.6881885e-170   2.9680698e-05   9.9996224e-01   8.0769980e-06
   3.1944138e-34  2.2290086e-170   2.8651764e-05   9.9993734e-01   3.4011656e-05
   3.6138724e-34  2.8065904e-165   4.1817911e-05   9.9971527e-01   2.4291253e-04
   2.1372600e-34  1.8942589e-151   1.4962695e-04   9.9913243e-01   7.1794306e-04
   4.0270903e-33  2.1381336e-165   5.0181675e-04   9.9890544e-01   5.9274413e-04
   5.4302309e-34  5.3115325e-178   8.0445385e-04   9.9839930e-01   7.9624337e-04
   7.7637087e-60  6.3181113e-122   1.2694127e-03   9.9837554e-01   3.5504368e-04
   4.7639700e-34   0.0000000e+00   9.1222762e-04   9.9900189e-01   8.5883024e-05
   9.2280184e-34  3.1124811e-171   6.0753987e-04   9.9936919e-01   2.3268165e-05
   5.3119628e-34  4.8675864e-180   4.8927183e-04   9.9948350e-01   2.7229689e-05
   5.2671072e-35  3.3601031e-152   4.6750811e-04   9.9934215e-01   1.9034501e-04
   3.2316955e-34  9.4784543e-152   4.8531454e-04   9.9941432e-01   1.0036053e-04
   4.9141809e-33  1.8439634e-164   2.8213041e-04   9.9966420e-01   5.3671121e-05
   9.5619977e-33  9.2945090e-170   1.7531910e-04   9.9975997e-01   6.4710760e-05
   6.8452285e-33   1.4035594e-65   1.3554569e-04   9.9941808e-01   4.4637910e-04
   9.9169761e-34   0.0000000e+00   4.2803968e-04   9.9949630e-01   7.5658474e-05
   2.5776855e-34  3.1864164e-167   2.2669802e-04   9.9975443e-01   1.8874735e-05
   4.3404861e-35  1.1379519e-167   1.0318322e-04   9.9989020e-01   6.6138832e-06
   4.8864808e-36   0.0000000e+00   4.5415875e-05   9.9995191e-01   2.6777090e-06
   6.1776583e-36  6.8546738e-173   1.7769272e-05   9.9998095e-01   1.2815776e-06
   1.7963171e-36  7.3845059e-167   7.6256138e-06   9.9998990e-01   2.4743407e-06
   6.0279509e-36  2.9042455e-172   4.7925298e-06   9.9999405e-01   1.1538538e-06
   6.5897710e-36   0.0000000e+00   2.6852052e-06   9.9999540e-01   1.9175136e-06
   7.1374366e-35  2.2438321e-205   1.7927986e-06   9.9999311e-01   5.1013799e-06
  3.4139083e-184   0.0000000e+00   1.9390283e-32   9.9993731e-01   6.2691567e-05
   8.6275319e-35  1.7313831e-172   5.7266802e-05   9.9993637e-01   6.3657428e-06
   4.9432862e-35  2.1202873e-172   2.6510525e-05   9.9997150e-01   1.9915789e-06
   2.0152263e-35  9.8070838e-174   1.3284797e-05   9.9998404e-01   2.6717829e-06
   3.7105268e-37  7.9410171e-182   1.0060986e-05   9.9998516e-01   4.7781616e-06
   3.8225079e-37  3.9047912e-100   1.2920772e-05   9.9998668e-01   4.0318246e-07
   4.1001195e-36   9.9538737e-01   4.5322557e-07   4.6119259e-03   2.4984144e-07
   5.7689547e-36   9.9997848e-01   2.2495600e-07   2.1270308e-05   2.9181428e-08
   4.9771825e-36   9.9999987e-01   2.7547767e-08   9.8192348e-08   3.3026937e-09
   4.1325154e-36   1.0000000e+00   3.1332484e-09   4.6438118e-10   3.7332035e-10
   3.4709410e-36   1.0000000e+00   3.5431052e-10   3.4519706e-12   4.2196134e-11
   2.9731217e-36   1.0000000e+00   4.0048664e-11   1.6408501e-13   4.7693891e-12
   2.6009141e-36   1.0000000e+00   4.5266720e-12   1.7504195e-14   5.3907949e-13
   2.3229212e-36   1.0000000e+00   5.1164549e-13   1.9736800e-15   6.0931640e-14
   2.1153328e-36   1.0000000e+00   5.7830801e-14   2.2306105e-16   6.8870450e-15
   1.9603235e-36   1.0000000e+00   6.5365601e-15   2.5212275e-17   7.7843611e-16
   1.8445762e-36   1.0000000e+00   7.3882114e-16   2.8497189e-18   8.7985889e-17
   1.7581465e-36   1.0000000e+00   8.3508246e-17   3.2210100e-19   9.9449609e-18
   1.6936086e-36   1.0000000e+00   9.4388572e-18   3.6406768e-20   1.1240694e-18
   1.6454175e-36   1.0000000e+00   1.0668650e-18   4.1150222e-21   1.2705249e-19
   1.6094327e-36   1.0000000e+00   1.2058673e-19   4.6511702e-22   1.4360622e-20
   1.5825625e-36   1.0000000e+00   1.3629803e-20   5.2571732e-23   1.6231673e-21
   1.5624983e-36   1.0000000e+00   1.5405636e-21   5.9421326e-24   1.8346505e-22
   1.5475161e-36   1.0000000e+00   1.7412843e-22   6.7163357e-25   2.0736879e-23
   1.5363287e-36   1.0000000e+00   1.9681570e-23   7.5914100e-26   2.3438696e-24
   1.5279750e-36   1.0000000e+00   2.2245890e-24   8.5804981e-27   2.6492534e-25
   1.5217372e-36   1.0000000e+00   2.5144317e-25   9.6984550e-28   2.9944258e-26
   1.5170794e-36   1.0000000e+00   2.8420381e-26   1.0962071e-28   3.3845709e-27
   1.5136013e-36   1.0000000e+00   3.2123285e-27   1.2390324e-29   3.8255481e-28
   1.5110042e-36   1.0000000e+00   3.6308642e-28   1.4004665e-30   4.3239804e-29
   1.5090650e-36   1.0000000e+00   4.1039311e-29   1.5829338e-31   4.8873537e-30
   1.5076169e-36   1.0000000e+00   4.6386340e-30   1.7891750e-32   5.5241292e-31
   1.5065356e-36   1.0000000e+00   5.2430037e-31   2.0222874e-33   6.2438705e-32
   1.5057282e-36   1.0000000e+00   5.9261171e-32   2.2857721e-34   7.0573879e-33
   1.5051253e-36   1.0000000e+00   6.6982342e-33   2.5835864e-35   7.9769041e-34
   1.5046751e-36   1.0000000e+00   7.5709554e-34   2.9202033e-36   9.0162634e-35
   1.5043389e-36   1.0000000e+00   8.5574188e-35   3.3006801e-37   1.0191332e-35
   1.5040879e-36   1.0000000e+00   9.6726696e-36   3.7307441e-38   1.1521670e-36
   1.5039005e-36   1.0000000e+00   1.0935173e-36   4.2169511e-39   1.3041541e-37
   1.5037605e-36   1.0000000e+00   1.2376704e-37   4.7673252e-40   1.4880419e-38
   1.5036560e-36   1.0000000e+00   1.4114585e-38   5.3955236e-41   1.7862271e-39
   1.5035779e-36   1.0000000e+00   1.6889319e-39   6.1512382e-42   2.7978310e-40
   1.5035197e-36   1.0000000e+00   2.6077085e-40   7.3464218e-43   8.9783051e-41
   1.5034762e-36   1.0000000e+00   8.1649187e-41   1.1243658e-43   5.3576334e-41
   1.5034437e-36   1.0000000e+00   4.8187964e-41   3.4662383e-44   3.8483991e-41
   1.5034194e-36   1.0000000e+00   3.4537896e-41   2.0310970e-44   2.8564357e-41
   1.5034013e-36   1.0000000e+00   2.5626523e-41   1.4536634e-44   2.1309851e-41
   1.5033878e-36   1.0000000e+00   1.9117130e-41   1.0783470e-44   1.5910085e-41
   1.5033777e-36   1.0000000e+00   1.4272869e-41   8.0440809e-45   1.1879974e-41
   1.5033701e-36   1.0000000e+00   1.0657461e-41   6.0056876e-45   8.8708691e-42
   1.5033645e-36   1.0000000e+00   7.9580078e-42   4.4844052e-45   6.6239650e-42
   1.5033603e-36   1.0000000e+00   5.9423223e-42   3.3485394e-45   4.9461818e-42
   1.5033571e-36   1.0000000e+00   4.4371922e-42   2.5003871e-45   3.6933647e-42
   1.5033548e-36   1.0000000e+00   3.3132965e-42   1.8670643e-45   2.7578764e-42
   1.5033530e-36   1.0000000e+00   2.4740722e-42   1.3941559e-45   2.0593570e-42
   1.5033517e-36   1.0000000e+00   1.8474148e-42   1.0410304e-45   1.5378924e-42
   1.5033508e-36   1.0000000e+00   1.3794834e-42   7.7734796e-46   1.1493481e-42
   1.5033500e-36   1.0000000e+00   1.0300743e-42   5.8045364e-46   8.6475855e-43
   1.5033494e-36   1.0000000e+00   7.6916696e-43   4.3343069e-46   6.8885439e-43
   1.5033488e-36   1.0000000e+00   5.7434480e-43   3.2364747e-46   7.9930935e-43
   1.5033467e-36   1.0000000e+00   4.2886912e-43   2.4167325e-46   2.4792331e-42
   1.5033345e-36   1.0000000e+00   3.2024133e-43   1.8047574e-46   1.4286945e-41
   1.5032558e-36   1.0000000e+00   2.3915663e-43   1.3486887e-46   9.2822533e-41
   1.5027364e-36   1.0000000e+00   1.8143940e-43   1.0156286e-46   6.1203366e-40
   1.4993074e-36   1.0000000e+00   4.2083895e-43   1.0679989e-46   4.0405640e-39
   1.4768135e-36   1.0000000e+00   2.8676332e-41   4.3883543e-45   2.6506100e-38
