   1.8000000e+01
   2.2000000e+01
   2.4000000e+01
   2.7000000e+01
   3.0000000e+01
   3.4000000e+01
   3.9000000e+01
   5.3000000e+01
   5.4000000e+01
   6.2000000e+01
   7.1000000e+01
   7.3000000e+01
   7.4000000e+01
   7.5000000e+01
   7.9000000e+01
   8.3000000e+01
   8.6000000e+01
   8.7000000e+01
   8.8000000e+01
   9.3000000e+01
   9.8000000e+01
   9.9000000e+01
   1.0000000e+02
   1.0300000e+02
   1.1000000e+02
   1.1200000e+02
   1.1300000e+02
   1.1600000e+02
   1.1900000e+02
   1.2100000e+02
   1.2600000e+02
   1.3000000e+02
   1.3100000e+02
   1.3300000e+02
   1.3600000e+02
