   2.6000000e+01
   3.0000000e+01
   3.3000000e+01
   3.9000000e+01
   4.1000000e+01
   4.2000000e+01
   4.5000000e+01
   4.6000000e+01
   4.7000000e+01
   5.0000000e+01
   5.8000000e+01
   5.9000000e+01
   6.1000000e+01
   6.2000000e+01
   6.3000000e+01
   6.4000000e+01
   6.5000000e+01
   6.6000000e+01
   6.9000000e+01
   7.0000000e+01
   7.2000000e+01
   7.3000000e+01
   7.5000000e+01
   7.6000000e+01
   7.7000000e+01
   7.8000000e+01
   7.9000000e+01
   8.0000000e+01
   8.2000000e+01
   8.3000000e+01
   8.4000000e+01
   8.6000000e+01
   9.0000000e+01
   9.1000000e+01
   9.3000000e+01
   1.1100000e+02
   1.2600000e+02
   1.3400000e+02
   1.3700000e+02
