   9.0000000e+00
   3.8000000e+01
   4.1000000e+01
   4.9000000e+01
   5.6000000e+01
   6.6000000e+01
   6.7000000e+01
   6.8000000e+01
   7.0000000e+01
   7.2000000e+01
   7.4000000e+01
   7.6000000e+01
   7.7000000e+01
   7.8000000e+01
   7.9000000e+01
   8.1000000e+01
   8.2000000e+01
   8.3000000e+01
   8.5000000e+01
   8.6000000e+01
   8.7000000e+01
   8.8000000e+01
   8.9000000e+01
   9.0000000e+01
   9.1000000e+01
   9.2000000e+01
   9.4000000e+01
   9.5000000e+01
   9.6000000e+01
   9.7000000e+01
   9.8000000e+01
   9.9000000e+01
   1.0000000e+02
   1.0100000e+02
   1.0200000e+02
   1.0400000e+02
   1.0500000e+02
   1.0800000e+02
   1.0900000e+02
   1.1000000e+02
   1.1100000e+02
   1.1300000e+02
   1.1400000e+02
   1.1600000e+02
   1.1700000e+02
   1.1800000e+02
   1.1900000e+02
   1.2100000e+02
   1.2200000e+02
   1.2400000e+02
   1.2800000e+02
   1.3000000e+02
   1.3100000e+02
