   3.1000000e+01
   4.0000000e+01
   4.8000000e+01
   4.9000000e+01
   5.1000000e+01
   5.3000000e+01
   5.5000000e+01
   5.7000000e+01
   5.8000000e+01
   5.9000000e+01
   6.1000000e+01
   6.4000000e+01
   6.7000000e+01
   7.3000000e+01
   8.4000000e+01
   8.6000000e+01
   8.9000000e+01
   9.1000000e+01
   9.3000000e+01
   9.5000000e+01
   9.7000000e+01
   9.9000000e+01
   1.0400000e+02
   1.0600000e+02
   1.0700000e+02
   1.1000000e+02
   1.1200000e+02
   1.1400000e+02
   1.2100000e+02
   1.2500000e+02
