   2.2000000e+01
   3.0000000e+01
   4.1000000e+01
   4.3000000e+01
   4.8000000e+01
   5.8000000e+01
   6.0000000e+01
   6.1000000e+01
   6.2000000e+01
   6.4000000e+01
   6.6000000e+01
   6.8000000e+01
   7.8000000e+01
   8.0000000e+01
   8.6000000e+01
   9.0000000e+01
   9.3000000e+01
   9.5000000e+01
   9.8000000e+01
   1.0400000e+02
   1.0500000e+02
   1.0600000e+02
   1.0800000e+02
   1.1000000e+02
   1.1100000e+02
   1.1200000e+02
   1.1700000e+02
   1.1800000e+02
   1.1900000e+02
   1.2000000e+02
   1.2400000e+02
   1.2700000e+02
   1.2800000e+02
   1.3000000e+02
   1.3200000e+02
   1.3400000e+02
   1.3500000e+02
   1.3700000e+02
   1.3800000e+02
   1.3900000e+02
   1.4000000e+02
