   1.0000000e+01
   1.4000000e+01
   2.2000000e+01
   2.4000000e+01
   2.6000000e+01
   2.7000000e+01
   2.9000000e+01
   3.0000000e+01
   3.2000000e+01
   3.3000000e+01
   3.5000000e+01
   3.6000000e+01
   3.7000000e+01
   3.8000000e+01
   3.9000000e+01
   4.0000000e+01
   4.1000000e+01
   4.2000000e+01
   4.4000000e+01
   4.5000000e+01
   4.9000000e+01
   5.3000000e+01
   5.5000000e+01
   5.8000000e+01
   5.9000000e+01
   6.0000000e+01
   6.2000000e+01
   7.0000000e+01
   7.4000000e+01
   8.4000000e+01
   8.8000000e+01
   9.3000000e+01
   9.8000000e+01
   1.0100000e+02
   1.1200000e+02
   1.2200000e+02
   1.3000000e+02
   1.3700000e+02
   1.4000000e+02
