   2.2000000e+01
   2.3000000e+01
   2.7000000e+01
   3.1000000e+01
   3.7000000e+01
   3.9000000e+01
   4.4000000e+01
   5.2000000e+01
   5.4000000e+01
   5.5000000e+01
   5.7000000e+01
   5.8000000e+01
   6.2000000e+01
   6.4000000e+01
   6.5000000e+01
   6.8000000e+01
   7.6000000e+01
   7.8000000e+01
   8.3000000e+01
   9.0000000e+01
   9.5000000e+01
   9.7000000e+01
   1.0800000e+02
   1.1000000e+02
   1.1300000e+02
   1.1500000e+02
   1.1900000e+02
   1.2800000e+02
   1.2900000e+02
   1.3100000e+02
   1.3500000e+02
   1.3600000e+02
   1.3700000e+02
   1.3900000e+02
   1.4000000e+02
