   2.5000000e+01
   2.7000000e+01
   3.3000000e+01
   4.3000000e+01
   4.5000000e+01
   4.6000000e+01
   5.0000000e+01
   5.7000000e+01
   5.8000000e+01
   6.2000000e+01
   6.3000000e+01
   7.0000000e+01
   7.2000000e+01
   7.4000000e+01
   7.5000000e+01
   8.1000000e+01
   8.4000000e+01
   8.5000000e+01
   8.7000000e+01
   8.8000000e+01
   9.2000000e+01
   9.3000000e+01
   9.4000000e+01
   9.5000000e+01
   9.6000000e+01
   9.7000000e+01
   9.9000000e+01
   1.0100000e+02
   1.0200000e+02
   1.0500000e+02
   1.0700000e+02
   1.0800000e+02
   1.0900000e+02
   1.1000000e+02
   1.1100000e+02
   1.1200000e+02
   1.1400000e+02
   1.1500000e+02
   1.1600000e+02
   1.1700000e+02
   1.2100000e+02
   1.2200000e+02
   1.2300000e+02
   1.2400000e+02
   1.2600000e+02
   1.2700000e+02
   1.2800000e+02
   1.2900000e+02
   1.3000000e+02
   1.3100000e+02
   1.3500000e+02
